
 tid_1904_time_9:59:6:855 DPETW@ "GAZE_LOG_CALI: 779.355	476.487	778.216	481.909	0	0	0	0	396.974	498.069	396.514	503.482	0	0	0	0	
778.216	481.909	0	0	396.514	503.482	0	0	779.355	476.487	0	0	396.974	498.069	0	0	32.0023	-3.3125	-610.436	94.1302	-10.721	-611.352	32.0916	-3.35494	-618.236	95.005	-10.8571	-619.102	32.227	-4.61017	-609.194	93.6404	-12.0034	-610.265	0.0148337	-0.137502	0.99039	-0.151385	-0.127161	0.980262	0.0148337	0.123515	0.992232	-0.151385	0.130882	0.979772	0.0148337	0.123515	0.992232	-0.151385	0.130882	0.979772	0.8565	7.09499	-8.78332	7.52059	0.8565	7.09499	-8.78332	7.52059	163.995	168.726	129.108	166.37	914.893	941.287	720.27	928.145	817.582	934.716	
"
 tid_1904_time_9:59:6:879 DPETW@ "GAZE_LOG_CALI: 780.128	476.592	779.009	482.025	1035.46	446.35	1036.63	451.398	397.466	498.228	396.996	503.73	653.239	467.813	655.442	473.392	
134.146	-13.7773	391.937	-44.4228	-280.474	-11.0303	-21.9477	-41.3659	135.266	-19.2101	390.765	-49.4733	-280.004	-16.5348	-24.1513	-46.9456	32.2362	-3.27509	-610.009	94.3594	-10.6636	-611.142	32.3285	-3.3172	-617.808	95.2374	-10.7991	-618.892	32.4538	-4.58237	-609.052	93.8424	-11.9134	-609.616	0.0141527	-0.142992	0.989623	-0.147689	-0.117968	0.981973	0.0141527	0.118014	0.992911	-0.147689	0.140206	0.979046	0.0141527	0.118014	0.992911	-0.14769	0.140206	0.979046	0.816625	6.77749	-8.57842	8.05974	0.816625	6.77749	-8.57842	8.05974	163.823	165.573	131.481	172.006	913.938	923.697	733.505	959.585	823.721	941.641	
"
 tid_1904_time_9:59:6:910 DPETW@ "GAZE_LOG_CALI: 780.407	476.623	779.435	482.19	0	0	0	0	397.652	498.171	397.357	503.852	0	0	0	0	
779.435	482.19	0	0	397.357	503.852	0	0	780.407	476.623	0	0	397.652	498.171	0	0	32.2362	-3.27509	-610.009	94.3594	-10.6636	-611.142	32.3285	-3.3172	-617.808	95.2374	-10.7991	-618.892	32.4538	-4.58237	-609.052	93.8424	-11.9134	-609.616	0.0141527	-0.142992	0.989623	-0.147689	-0.117968	0.981973	0.0141527	0.118014	0.992911	-0.147689	0.140206	0.979046	0.0141527	0.118014	0.992911	-0.14769	0.140206	0.979046	0.816625	6.77749	-8.57842	8.05974	0.816625	6.77749	-8.57842	8.05974	163.823	165.573	131.481	172.006	913.938	923.697	733.505	959.585	823.721	941.641	
"
 tid_1904_time_9:59:6:932 DPETW@ "GAZE_LOG_CALI: 780.398	476.579	779.47	482.151	1036.06	446.093	1037.2	451.109	397.541	498.124	397.227	503.788	653.365	467.566	655.597	473.62	
134.608	-13.6507	392.507	-44.7122	-280.242	-10.9728	-21.7931	-41.1378	135.536	-19.2231	391.37	-49.7303	-279.929	-16.6385	-24.0249	-47.1919	32.3292	-3.25123	-609.672	94.402	-10.6604	-610.529	32.4228	-3.293	-617.471	95.2814	-10.7963	-618.278	32.5034	-4.59423	-608.763	93.8794	-11.96	-608.911	0.00916028	-0.14778	0.988978	-0.146922	-0.121952	0.981602	0.00916028	0.113221	0.993528	-0.146922	0.136261	0.979718	0.00916028	0.113221	0.993528	-0.146922	0.136261	0.979718	0.52825	6.50105	-8.5287	7.83152	0.52825	6.50105	-8.5287	7.83152	161.006	162.818	132.125	169.705	898.223	908.326	737.101	946.752	817.662	927.539	
"
 tid_1904_time_9:59:6:954 DPETW@ "GAZE_LOG_CALI: 780.777	476.49	779.913	482.086	0	0	0	0	397.669	498.098	397.553	503.826	0	0	0	0	
779.913	482.086	0	0	397.553	503.826	0	0	780.777	476.49	0	0	397.669	498.098	0	0	32.3292	-3.25123	-609.672	94.402	-10.6604	-610.529	32.4228	-3.293	-617.471	95.2814	-10.7963	-618.278	32.5034	-4.59423	-608.763	93.8794	-11.96	-608.911	0.00916028	-0.14778	0.988978	-0.146922	-0.121952	0.981602	0.00916028	0.113221	0.993528	-0.146922	0.136261	0.979718	0.00916028	0.113221	0.993528	-0.146922	0.136261	0.979718	0.52825	6.50105	-8.5287	7.83152	0.52825	6.50105	-8.5287	7.83152	161.006	162.818	132.125	169.705	898.223	908.326	737.101	946.752	817.662	927.539	
"
 tid_1904_time_9:59:6:977 DPETW@ "GAZE_LOG_CALI: 781.491	476.656	780.673	482.214	1037.29	446.457	1038.57	451.363	398.113	498.145	398.016	503.903	654.563	467.468	656.668	473.777	
135.811	-13.5876	393.884	-44.4589	-279.454	-10.8582	-20.7216	-40.9808	136.629	-19.1462	392.598	-49.3669	-279.356	-16.6178	-22.8269	-47.2905	32.5856	-3.22687	-609.07	94.6639	-10.6035	-610.085	32.6826	-3.2684	-616.87	95.5473	-10.7387	-617.833	32.7249	-4.57696	-608.003	94.167	-11.9275	-608.864	0.00471716	-0.146001	0.989273	-0.150795	-0.129888	0.979995	0.00471716	0.115017	0.993352	-0.150795	0.128179	0.98022	0.00471716	0.115017	0.993352	-0.150795	0.128179	0.98022	0.27208	6.6046	-8.74569	7.36438	0.27208	6.6046	-8.74569	7.36438	158.682	163.986	130.222	165.03	885.254	914.843	726.484	920.669	805.869	917.756	
"
 tid_1904_time_9:59:6:999 DPETW@ "GAZE_LOG_CALI: 782.823	476.744	782.048	482.377	0	0	0	0	399.233	498.288	399.157	504.032	0	0	0	0	
782.048	482.377	0	0	399.157	504.032	0	0	782.823	476.744	0	0	399.233	498.288	0	0	32.5856	-3.22687	-609.07	94.6639	-10.6035	-610.085	32.6826	-3.2684	-616.87	95.5473	-10.7387	-617.833	32.7249	-4.57696	-608.003	94.167	-11.9275	-608.864	0.00471716	-0.146001	0.989273	-0.150795	-0.129888	0.979995	0.00471716	0.115017	0.993352	-0.150795	0.128179	0.98022	0.00471716	0.115017	0.993352	-0.150795	0.128179	0.98022	0.27208	6.6046	-8.74569	7.36438	0.27208	6.6046	-8.74569	7.36438	158.682	163.986	130.222	165.03	885.254	914.843	726.484	920.669	805.869	917.756	
"
 tid_1904_time_9:59:7:21 DPETW@ "GAZE_LOG_CALI: 783.788	476.899	782.993	482.585	1039.74	446.864	1041.02	451.93	400.064	498.464	400.005	504.208	656.948	467.568	658.938	474.024	
138.131	-13.2169	396.336	-43.891	-277.463	-10.5525	-18.4515	-40.7337	138.926	-18.9029	395.054	-48.9598	-277.404	-16.2985	-20.4419	-47.1906	33.1162	-3.14358	-608.591	95.2117	-10.5013	-609.817	33.2201	-3.18402	-616.39	96.1023	-10.635	-617.564	33.2475	-4.50623	-607.506	94.7406	-11.8652	-608.766	0.00305078	-0.147213	0.9891	-0.151503	-0.136874	0.978934	0.00305078	0.113802	0.993499	-0.151503	0.121156	0.981004	0.00305078	0.113802	0.993499	-0.151503	0.121156	0.981004	0.17594	6.5345	-8.77921	6.95885	0.17594	6.5345	-8.77921	6.95885	158.25	163.425	130.468	160.989	882.845	911.717	727.857	898.123	805.351	904.92	
"
 tid_1904_time_9:59:7:44 DPETW@ "GAZE_LOG_CALI: 784.424	477.224	783.637	482.907	0	0	0	0	400.397	498.776	400.526	504.45	0	0	0	0	
783.637	482.907	0	0	400.526	504.45	0	0	784.424	477.224	0	0	400.397	498.776	0	0	33.1162	-3.14358	-608.591	95.2117	-10.5013	-609.817	33.2201	-3.18402	-616.39	96.1023	-10.635	-617.564	33.2475	-4.50623	-607.506	94.7406	-11.8652	-608.766	0.00305078	-0.147213	0.9891	-0.151503	-0.136874	0.978934	0.00305078	0.113802	0.993499	-0.151503	0.121156	0.981004	0.00305078	0.113802	0.993499	-0.151503	0.121156	0.981004	0.17594	6.5345	-8.77921	6.95885	0.17594	6.5345	-8.77921	6.95885	158.25	163.425	130.468	160.989	882.845	911.717	727.857	898.123	805.351	904.92	
"
 tid_1904_time_9:59:7:67 DPETW@ "GAZE_LOG_CALI: 784.546	477.135	783.686	482.914	1040.6	447.236	1041.98	452.164	400.314	498.816	400.381	504.522	657.635	467.38	659.465	474.221	
138.825	-12.8883	397.292	-43.6576	-277.086	-10.2384	-17.9254	-40.5372	139.684	-18.6671	395.909	-48.587	-277.153	-15.9458	-19.7547	-47.3777	33.2573	-3.0643	-608.13	95.3433	-10.4391	-609.194	33.363	-3.10375	-615.929	96.2365	-10.5721	-616.942	33.3885	-4.43051	-606.77	94.9069	-11.8382	-608.513	0.00274636	-0.143357	0.989667	-0.154134	-0.146771	0.977088	0.00274636	0.117673	0.993049	-0.154134	0.111119	0.981782	0.00274636	0.117673	0.993049	-0.154134	0.111119	0.981782	0.158456	6.7578	-8.9223	6.37985	0.158456	6.7578	-8.9223	6.37985	158.216	165.849	129.222	155.203	882.655	925.237	720.904	865.848	801.78	895.542	
"
 tid_1904_time_9:59:7:89 DPETW@ "GAZE_LOG_CALI: 784.443	476.949	783.552	482.665	0	0	0	0	400.097	498.537	400.07	504.225	0	0	0	0	
783.552	482.665	0	0	400.07	504.225	0	0	784.443	476.949	0	0	400.097	498.537	0	0	33.2573	-3.0643	-608.13	95.3433	-10.4391	-609.194	33.363	-3.10375	-615.929	96.2365	-10.5721	-616.942	33.3885	-4.43051	-606.77	94.9069	-11.8382	-608.513	0.00274636	-0.143357	0.989667	-0.154134	-0.146771	0.977088	0.00274636	0.117673	0.993049	-0.154134	0.111119	0.981782	0.00274636	0.117673	0.993049	-0.154134	0.111119	0.981782	0.158456	6.7578	-8.9223	6.37985	0.158456	6.7578	-8.9223	6.37985	158.216	165.849	129.222	155.203	882.655	925.237	720.904	865.848	801.78	895.542	
"
 tid_1904_time_9:59:7:112 DPETW@ "GAZE_LOG_CALI: 781.729	477.53	782.546	482.817	1037.55	447.591	1040.68	451.963	397.561	499.125	399.085	504.333	653.926	468.167	658.114	474.036	
137.684	-12.9847	395.995	-43.858	-278.384	-10.4279	-19.2757	-40.7219	136.867	-18.2718	392.862	-48.2317	-279.909	-15.6372	-23.4643	-46.5915	32.9718	-3.09716	-607.894	95.0197	-10.4838	-609.114	33.0739	-3.13698	-615.693	95.9088	-10.6174	-616.862	32.7199	-4.34657	-606.859	94.0273	-11.6823	-607.553	-0.0396789	-0.135556	0.989975	-0.19688	-0.11144	0.974074	-0.0396789	0.125288	0.991327	-0.19688	0.144466	0.969726	-0.0396789	0.125288	0.991327	-0.19688	0.144467	0.969726	-2.2921	7.19737	-11.4766	8.30639	-2.2921	7.19737	-11.4766	8.30639	133.29	170.391	102.443	175.75	743.596	950.576	571.511	980.474	657.554	965.525	
"
 tid_1904_time_9:59:7:135 DPETW@ "GAZE_LOG_CALI: 781.121	477.483	782.354	482.71	0	0	0	0	396.756	499.001	398.858	504.317	653.639	468.172	657.983	474.076	
782.354	482.71	0	0	398.858	504.317	657.983	474.076	781.121	477.483	0	0	396.756	499.001	653.639	468.172	32.9718	-3.09716	-607.894	95.0197	-10.4838	-609.114	33.0739	-3.13698	-615.693	95.9088	-10.6174	-616.862	32.7199	-4.34657	-606.859	94.0273	-11.6823	-607.553	-0.0396789	-0.135556	0.989975	-0.19688	-0.11144	0.974074	-0.0396789	0.125288	0.991327	-0.19688	0.144466	0.969726	-0.0396789	0.125288	0.991327	-0.19688	0.144467	0.969726	-2.2921	7.19737	-11.4766	8.30639	-2.2921	7.19737	-11.4766	8.30639	133.29	170.391	102.443	175.75	743.596	950.576	571.511	980.474	657.554	965.525	
"
 tid_1904_time_9:59:7:159 DPETW@ "GAZE_LOG_CALI: 0	0	0	0	1038.07	447.833	1041.74	452.088	0	0	0	0	654.62	468.395	658.823	474.113	
0	0	1041.74	452.088	0	0	658.823	474.113	0	0	1038.07	447.833	0	0	654.62	468.395	32.9718	-3.09716	-607.894	95.0197	-10.4838	-609.114	33.0739	-3.13698	-615.693	95.9088	-10.6174	-616.862	32.7199	-4.34657	-606.859	94.0273	-11.6823	-607.553	-0.0396789	-0.135556	0.989975	-0.19688	-0.11144	0.974074	-0.0396789	0.125288	0.991327	-0.19688	0.144466	0.969726	-0.0396789	0.125288	0.991327	-0.19688	0.144467	0.969726	-2.2921	7.19737	-11.4766	8.30639	-2.2921	7.19737	-11.4766	8.30639	133.29	170.391	102.443	175.75	743.596	950.576	571.511	980.474	657.554	965.525	
"
 tid_1904_time_9:59:7:181 DPETW@ "GAZE_LOG_CALI: 782.809	477.408	784.331	482.519	1039.44	447.929	1042.87	452.286	398.284	498.94	400.539	504.185	655.819	468.784	659.94	474.478	
139.469	-13.283	398.187	-43.535	-276.928	-10.5751	-17.4503	-40.28	137.947	-18.394	394.749	-47.8945	-279.185	-15.8224	-21.5707	-45.9736	33.3729	-3.1483	-607.416	95.4614	-10.3831	-608.573	33.4802	-3.18892	-615.216	96.3569	-10.5156	-616.321	32.9499	-4.37974	-606.344	94.4809	-11.5686	-607.567	-0.0591402	-0.132801	0.989377	-0.208106	-0.116808	0.971107	-0.0591402	0.127794	0.990036	-0.208106	0.138513	0.968249	-0.0591402	0.127794	0.990036	-0.208106	0.138513	0.968249	-3.41852	7.34211	-12.13	7.96179	-3.41852	7.34211	-12.13	7.96179	122.377	171.955	96.1546	172.513	682.716	959.302	536.428	962.413	609.572	960.858	
"
 tid_1904_time_9:59:7:203 DPETW@ "GAZE_LOG_CALI: 783.504	477.445	784.941	482.48	0	0	0	0	398.924	498.888	401.14	504.171	0	0	0	0	
784.941	482.48	0	0	401.14	504.171	0	0	783.504	477.445	0	0	398.924	498.888	0	0	33.3729	-3.1483	-607.416	95.4614	-10.3831	-608.573	33.4802	-3.18892	-615.216	96.3569	-10.5156	-616.321	32.9499	-4.37974	-606.344	94.4809	-11.5686	-607.567	-0.0591402	-0.132801	0.989377	-0.208106	-0.116808	0.971107	-0.0591402	0.127794	0.990036	-0.208106	0.138513	0.968249	-0.0591402	0.127794	0.990036	-0.208106	0.138513	0.968249	-3.41852	7.34211	-12.13	7.96179	-3.41852	7.34211	-12.13	7.96179	122.377	171.955	96.1546	172.513	682.716	959.302	536.428	962.413	609.572	960.858	
"
 tid_1904_time_9:59:7:225 DPETW@ "GAZE_LOG_CALI: 783.486	477.031	784.954	482.17	1040.29	447.797	1043.81	452.143	398.915	498.596	401.087	503.858	656.589	468.694	660.674	474.167	
140.093	-13.6322	399.129	-43.6782	-276.379	-10.903	-16.7156	-40.5911	138.624	-18.7711	395.599	-48.0261	-278.554	-16.1666	-20.8008	-46.0643	33.5159	-3.22887	-607.315	95.6395	-10.4325	-608.269	33.6251	-3.27055	-615.114	96.5377	-10.5656	-616.016	33.1081	-4.4655	-606.275	94.666	-11.5931	-607.448	-0.0578646	-0.133746	0.989325	-0.211965	-0.116363	0.970325	-0.0578646	0.126868	0.99023	-0.211965	0.138741	0.967379	-0.0578646	0.126868	0.99023	-0.211965	0.138741	0.967379	-3.3443	7.28863	-12.3589	7.97498	-3.3443	7.28863	-12.3589	7.97498	123.276	171.335	94.0001	172.708	687.735	955.842	524.408	963.506	606.071	959.674	
"
 tid_1904_time_9:59:7:247 DPETW@ "GAZE_LOG_CALI: 0	0	0	0	1039.75	447.329	1043.19	451.716	0	0	0	0	655.946	467.973	660.251	473.837	
0	0	1043.19	451.716	0	0	660.251	473.837	0	0	1039.75	447.329	0	0	655.946	467.973	33.5159	-3.22887	-607.315	95.6395	-10.4325	-608.269	33.6251	-3.27055	-615.114	96.5377	-10.5656	-616.016	33.1081	-4.4655	-606.275	94.666	-11.5931	-607.448	-0.0578646	-0.133746	0.989325	-0.211965	-0.116363	0.970325	-0.0578646	0.126868	0.99023	-0.211965	0.138741	0.967379	-0.0578646	0.126868	0.99023	-0.211965	0.138741	0.967379	-3.3443	7.28863	-12.3589	7.97498	-3.3443	7.28863	-12.3589	7.97498	123.276	171.335	94.0001	172.708	687.735	955.842	524.408	963.506	606.071	959.674	
"
 tid_1904_time_9:59:7:270 DPETW@ "GAZE_LOG_CALI: 781.686	475.95	783.188	481.095	1038.32	446.647	1041.96	450.97	397.11	497.452	399.105	502.809	654.504	467.572	658.974	472.958	
138.326	-14.7071	397.275	-44.852	-278.363	-11.9519	-18.4156	-41.7999	136.824	-19.852	393.628	-49.1763	-280.36	-17.3102	-22.8865	-47.186	33.076	-3.48081	-606.99	95.2305	-10.7217	-608.497	33.1796	-3.52576	-614.79	96.1232	-10.8584	-616.244	32.6775	-4.73082	-606.264	94.1685	-11.8614	-607.285	-0.0582144	-0.139711	0.98848	-0.211891	-0.108728	0.971226	-0.0582144	0.120887	0.990958	-0.211891	0.146349	0.966273	-0.0582144	0.120887	0.990958	-0.211891	0.146349	0.966273	-3.36201	6.94331	-12.3684	8.41538	-3.36201	6.94331	-12.3684	8.41538	122.675	167.601	93.4537	177.003	684.379	935.011	521.36	987.464	602.869	961.238	
"
 tid_1904_time_9:59:7:293 DPETW@ "GAZE_LOG_CALI: 0	0	0	0	1037.59	446.224	1041.1	450.674	0	0	0	0	653.797	467.36	657.988	472.726	
0	0	1041.1	450.674	0	0	657.988	472.726	0	0	1037.59	446.224	0	0	653.797	467.36	33.076	-3.48081	-606.99	95.2305	-10.7217	-608.497	33.1796	-3.52576	-614.79	96.1232	-10.8584	-616.244	32.6775	-4.73082	-606.264	94.1685	-11.8614	-607.285	-0.0582144	-0.139711	0.98848	-0.211891	-0.108728	0.971226	-0.0582144	0.120887	0.990958	-0.211891	0.146349	0.966273	-0.0582144	0.120887	0.990958	-0.211891	0.146349	0.966273	-3.36201	6.94331	-12.3684	8.41538	-3.36201	6.94331	-12.3684	8.41538	122.675	167.601	93.4537	177.003	684.379	935.011	521.36	987.464	602.869	961.238	
"
 tid_1904_time_9:59:7:315 DPETW@ "GAZE_LOG_CALI: 780.559	475.593	781.892	480.877	1037.31	446.122	1040.86	450.598	395.885	497.217	397.903	502.385	653.445	467.308	657.651	472.729	
137.03	-14.9249	396.176	-45.2238	-279.566	-12.376	-19.7395	-42.0286	135.697	-20.2094	392.617	-49.7017	-281.586	-17.5456	-23.9446	-47.4497	32.7732	-3.55819	-607.129	94.9155	-10.7876	-608.166	32.8729	-3.60397	-614.929	95.8047	-10.9253	-615.913	32.4005	-4.80029	-606.119	93.9161	-11.9544	-607.219	-0.053052	-0.134368	0.98951	-0.210869	-0.114892	0.970739	-0.053052	0.126314	0.990571	-0.210869	0.140269	0.967398	-0.053052	0.126314	0.990571	-0.210869	0.140269	0.967398	-3.06566	7.25667	-12.2968	8.0634	-3.06566	7.25667	-12.2968	8.0634	125.344	170.68	93.9615	173.265	699.271	952.191	524.193	966.61	611.732	959.401	
"
 tid_1904_time_9:59:7:339 DPETW@ "GAZE_LOG_CALI: 781.083	475.697	782.355	480.949	0	0	0	0	396.175	497.34	398.154	502.616	0	0	0	0	
782.355	480.949	0	0	398.154	502.616	0	0	781.083	475.697	0	0	396.175	497.34	0	0	32.7732	-3.55819	-607.129	94.9155	-10.7876	-608.166	32.8729	-3.60397	-614.929	95.8047	-10.9253	-615.913	32.4005	-4.80029	-606.119	93.9161	-11.9544	-607.219	-0.053052	-0.134368	0.98951	-0.210869	-0.114892	0.970739	-0.053052	0.126314	0.990571	-0.210869	0.140269	0.967398	-0.053052	0.126314	0.990571	-0.210869	0.140269	0.967398	-3.06566	7.25667	-12.2968	8.0634	-3.06566	7.25667	-12.2968	8.0634	125.344	170.68	93.9615	173.265	699.271	952.191	524.193	966.61	611.732	959.401	
"
 tid_1904_time_9:59:7:361 DPETW@ "GAZE_LOG_CALI: 781.618	475.853	783.014	480.985	1038.64	446.548	1042.15	450.929	396.725	497.38	398.76	502.73	654.483	467.736	658.56	472.991	
138.152	-14.8167	397.467	-44.8924	-278.708	-12.0306	-18.8302	-41.7669	136.756	-19.9492	393.951	-49.2752	-280.746	-17.383	-22.9071	-47.0221	33.0207	-3.50189	-606.745	95.1381	-10.707	-607.612	33.1237	-3.54716	-614.545	96.0309	-10.8438	-615.36	32.6363	-4.74751	-605.805	94.1682	-11.8439	-606.783	-0.0551623	-0.135869	0.98919	-0.210876	-0.113226	0.970933	-0.0551623	0.124782	0.99065	-0.210876	0.141928	0.967155	-0.0551623	0.124782	0.99065	-0.210876	0.141928	0.967155	-3.18711	7.16817	-12.3001	8.15942	-3.18711	7.16817	-12.3001	8.15942	124.393	169.895	94.2644	174.417	693.963	947.808	525.882	973.038	609.922	960.423	
"
 tid_1904_time_9:59:7:384 DPETW@ "GAZE_LOG_CALI: 782.004	475.819	783.311	480.982	0	0	0	0	0	0	0	0	654.737	468.106	658.973	472.984	
783.311	480.982	0	0	0	0	658.973	472.984	782.004	475.819	0	0	0	0	654.737	468.106	33.0207	-3.50189	-606.745	95.1381	-10.707	-607.612	33.1237	-3.54716	-614.545	96.0309	-10.8438	-615.36	32.6363	-4.74751	-605.805	94.1682	-11.8439	-606.783	-0.0551623	-0.135869	0.98919	-0.210876	-0.113226	0.970933	-0.0551623	0.124782	0.99065	-0.210876	0.141928	0.967155	-0.0551623	0.124782	0.99065	-0.210876	0.141928	0.967155	-3.18711	7.16817	-12.3001	8.15942	-3.18711	7.16817	-12.3001	8.15942	124.393	169.895	94.2644	174.417	693.963	947.808	525.882	973.038	609.922	960.423	
"
 tid_1904_time_9:59:7:407 DPETW@ "GAZE_LOG_CALI: 781.775	475.604	783.033	480.843	1038.63	446.729	1042.37	450.953	396.779	497.155	398.742	502.337	654.14	468.002	658.719	472.845	
138.171	-14.9593	397.681	-44.8684	-278.727	-12.4239	-18.6714	-41.9134	136.913	-20.1983	393.938	-49.0946	-280.691	-17.608	-23.2498	-46.756	33.0223	-3.56562	-606.692	95.1766	-10.7202	-607.53	33.1253	-3.61152	-614.491	96.07	-10.8571	-615.277	32.6658	-4.80292	-605.657	94.0911	-11.7812	-606.307	-0.0514753	-0.133478	0.989714	-0.214363	-0.100106	0.971611	-0.0514753	0.127227	0.990537	-0.214363	0.154776	0.964413	-0.0514753	0.127227	0.990537	-0.214363	0.154777	0.964413	-2.97482	7.3094	-12.5316	8.90384	-2.97482	7.3094	-12.5316	8.90384	126.533	171.264	91.8935	182.291	705.901	955.447	512.655	1016.96	609.278	986.206	
"
 tid_1904_time_9:59:7:430 DPETW@ "GAZE_LOG_CALI: 780.806	475.269	782.019	480.415	1037.46	446.212	1041.45	450.534	395.806	496.857	397.835	502.057	652.971	467.559	657.699	472.524	
137.157	-15.3875	396.762	-45.288	-279.634	-12.7047	-19.6906	-42.2337	135.943	-20.5335	392.772	-49.6115	-281.665	-17.9062	-24.4193	-47.1993	32.7884	-3.65109	-606.838	94.9337	-10.806	-607.385	32.8884	-3.69819	-614.637	95.8243	-10.9441	-615.132	32.4343	-4.87824	-605.644	93.8114	-11.8955	-606.299	-0.049998	-0.12994	0.990261	-0.220964	-0.104444	0.969673	-0.049998	0.130786	0.990149	-0.220964	0.150085	0.963664	-0.049998	0.130786	0.990149	-0.220964	0.150085	0.963664	-2.89072	7.51502	-12.9144	8.63185	-2.89072	7.51502	-12.9144	8.63185	127.135	173.252	87.6584	179.499	709.262	966.536	489.029	1001.39	599.145	983.964	
"
 tid_1904_time_9:59:7:452 DPETW@ "GAZE_LOG_CALI: 0	0	0	0	1036.48	445.807	1040.59	450.079	0	0	0	0	652.115	467.147	656.935	471.905	
0	0	1040.59	450.079	0	0	656.935	471.905	0	0	1036.48	445.807	0	0	652.115	467.147	32.7884	-3.65109	-606.838	94.9337	-10.806	-607.385	32.8884	-3.69819	-614.637	95.8243	-10.9441	-615.132	32.4343	-4.87824	-605.644	93.8114	-11.8955	-606.299	-0.049998	-0.12994	0.990261	-0.220964	-0.104444	0.969673	-0.049998	0.130786	0.990149	-0.220964	0.150085	0.963664	-0.049998	0.130786	0.990149	-0.220964	0.150085	0.963664	-2.89072	7.51502	-12.9144	8.63185	-2.89072	7.51502	-12.9144	8.63185	127.135	173.252	87.6584	179.499	709.262	966.536	489.029	1001.39	599.145	983.964	
"
 tid_1904_time_9:59:7:474 DPETW@ "GAZE_LOG_CALI: 779.304	474.995	780.402	480.048	1035.83	445.702	1039.8	450.025	394.206	496.412	396.121	501.739	651.537	467.031	656.294	471.876	
135.539	-15.7544	395.106	-45.7969	-281.35	-13.0227	-21.0961	-42.8818	134.442	-20.8075	391.138	-50.1214	-283.267	-18.3513	-25.8535	-47.7272	32.3939	-3.73185	-606.7	94.5938	-10.9507	-607.744	32.4888	-3.78004	-614.499	95.4796	-11.0904	-615.492	32.0682	-4.96262	-605.5	93.4659	-12.0251	-606.592	-0.0462857	-0.130144	0.990414	-0.21953	-0.101893	0.97027	-0.0462857	0.130629	0.99035	-0.21953	0.152703	0.963581	-0.0462857	0.130629	0.99035	-0.21953	0.152703	0.963581	-2.67587	7.50594	-12.8345	8.78362	-2.67587	7.50594	-12.8345	8.78362	128.903	173.081	88.0851	180.879	719.122	965.586	491.409	1009.09	605.266	987.338	
"
 tid_1904_time_9:59:7:497 DPETW@ "GAZE_LOG_CALI: 0	0	0	0	1036.2	446.046	1039.91	450.361	0	0	0	0	651.537	467.41	656.232	472.358	
0	0	1039.91	450.361	0	0	656.232	472.358	0	0	1036.2	446.046	0	0	651.537	467.41	32.3939	-3.73185	-606.7	94.5938	-10.9507	-607.744	32.4888	-3.78004	-614.499	95.4796	-11.0904	-615.492	32.0682	-4.96262	-605.5	93.4659	-12.0251	-606.592	-0.0462857	-0.130144	0.990414	-0.21953	-0.101893	0.97027	-0.0462857	0.130629	0.99035	-0.21953	0.152703	0.963581	-0.0462857	0.130629	0.99035	-0.21953	0.152703	0.963581	-2.67587	7.50594	-12.8345	8.78362	-2.67587	7.50594	-12.8345	8.78362	128.903	173.081	88.0851	180.879	719.122	965.586	491.409	1009.09	605.266	987.338	
"
 tid_1904_time_9:59:7:520 DPETW@ "GAZE_LOG_CALI: 779.804	475.94	781.189	481.114	1036.75	446.96	1040.64	451.117	394.735	497.475	396.757	502.851	652.06	468.548	656.844	472.961	
136.327	-14.6883	395.953	-44.705	-280.713	-11.9097	-20.5457	-41.7967	134.941	-19.8628	392.059	-48.8633	-282.737	-17.2877	-25.3301	-46.2106	32.5704	-3.4703	-606.485	94.7298	-10.6827	-607.317	32.6676	-3.51518	-614.284	95.6179	-10.8191	-615.065	32.1897	-4.72353	-605.55	93.5973	-11.6825	-606.017	-0.054123	-0.136836	0.989114	-0.217011	-0.0927359	0.971754	-0.054123	0.123828	0.990826	-0.217011	0.161932	0.962644	-0.054123	0.123828	0.990827	-0.217011	0.161932	0.962644	-3.12662	7.11308	-12.704	9.31908	-3.12662	7.11308	-12.704	9.31908	124.558	169.396	89.6736	186.781	694.886	945.028	500.271	1042.01	597.579	993.52	
"
 tid_1904_time_9:59:7:543 DPETW@ "GAZE_LOG_CALI: 0	0	0	0	1037.46	447.607	1041.08	451.916	0	0	0	0	652.35	469.427	657.446	473.92	
0	0	1041.08	451.916	0	0	657.446	473.92	0	0	1037.46	447.607	0	0	652.35	469.427	32.5704	-3.4703	-606.485	94.7298	-10.6827	-607.317	32.6676	-3.51518	-614.284	95.6179	-10.8191	-615.065	32.1897	-4.72353	-605.55	93.5973	-11.6825	-606.017	-0.054123	-0.136836	0.989114	-0.217011	-0.0927359	0.971754	-0.054123	0.123828	0.990826	-0.217011	0.161932	0.962644	-0.054123	0.123828	0.990827	-0.217011	0.161932	0.962644	-3.12662	7.11308	-12.704	9.31908	-3.12662	7.11308	-12.704	9.31908	124.558	169.396	89.6736	186.781	694.886	945.028	500.271	1042.01	597.579	993.52	
"
 tid_1904_time_9:59:7:565 DPETW@ "GAZE_LOG_CALI: 780.773	477.34	782.195	482.571	1037.84	448.269	1041.63	452.592	395.415	498.921	397.588	504.14	653.175	469.91	657.8	474.531	
137.333	-13.2306	396.942	-43.2293	-279.881	-10.6202	-19.5901	-40.2269	135.911	-18.4626	393.146	-47.5533	-282.056	-15.8415	-24.2155	-44.8485	32.7974	-3.14093	-606.235	94.9593	-10.3177	-607.273	32.8976	-3.18146	-614.034	95.8504	-10.4495	-615.021	32.3989	-4.38108	-605.132	93.8633	-11.3645	-606.058	-0.0554229	-0.13334	0.989519	-0.215387	-0.0991752	0.97148	-0.0554229	0.12731	0.990313	-0.215387	0.155642	0.964046	-0.0554229	0.12731	0.990313	-0.215387	0.155642	0.964046	-3.20322	7.31419	-12.5942	8.95401	-3.20322	7.31419	-12.5942	8.95401	124.027	171.82	91.0477	183.278	691.921	958.549	507.937	1022.47	599.929	990.509	
"
 tid_1904_time_9:59:7:587 DPETW@ "GAZE_LOG_CALI: 0	0	0	0	1037.8	448.184	1041.6	452.555	0	0	0	0	653.285	469.759	657.748	473.923	
0	0	1041.6	452.555	0	0	657.748	473.923	0	0	1037.8	448.184	0	0	653.285	469.759	32.7974	-3.14093	-606.235	94.9593	-10.3177	-607.273	32.8976	-3.18146	-614.034	95.8504	-10.4495	-615.021	32.3989	-4.38108	-605.132	93.8633	-11.3645	-606.058	-0.0554229	-0.13334	0.989519	-0.215387	-0.0991752	0.97148	-0.0554229	0.12731	0.990313	-0.215387	0.155642	0.964046	-0.0554229	0.12731	0.990313	-0.215387	0.155642	0.964046	-3.20322	7.31419	-12.5942	8.95401	-3.20322	7.31419	-12.5942	8.95401	124.027	171.82	91.0477	183.278	691.921	958.549	507.937	1022.47	599.929	990.509	
"
 tid_1904_time_9:59:7:610 DPETW@ "GAZE_LOG_CALI: 780.508	477.521	781.896	482.854	1037.42	447.865	1041.2	452.095	395.225	499.095	397.242	504.394	653.099	469.352	657.485	473.948	
137.034	-12.9478	396.512	-43.7266	-280.227	-10.3664	-19.9045	-40.8095	135.646	-18.2809	392.729	-47.9581	-282.246	-15.6669	-24.2915	-45.406	32.7223	-3.07646	-606.167	94.8827	-10.4498	-607.442	32.8215	-3.11615	-613.967	95.7726	-10.5832	-615.19	32.3414	-4.33941	-605.248	93.8406	-11.4888	-606.559	-0.0544515	-0.138741	0.988831	-0.217293	-0.101859	0.970777	-0.0544515	0.121914	0.991046	-0.217293	0.152868	0.964062	-0.0544515	0.121914	0.991046	-0.217293	0.152868	0.964062	-3.14486	7.00259	-12.7018	8.79315	-3.14486	7.00259	-12.7018	8.79315	124.54	168.714	89.8102	181.474	694.784	941.222	501.033	1012.41	597.908	976.815	
"
 tid_1904_time_9:59:7:633 DPETW@ "GAZE_LOG_CALI: 0	0	0	0	1037.4	447.847	1041.18	452.115	0	0	0	0	653.004	469.334	657.519	473.942	
0	0	1041.18	452.115	0	0	657.519	473.942	0	0	1037.4	447.847	0	0	653.004	469.334	32.7223	-3.07646	-606.167	94.8827	-10.4498	-607.442	32.8215	-3.11615	-613.967	95.7726	-10.5832	-615.19	32.3414	-4.33941	-605.248	93.8406	-11.4888	-606.559	-0.0544515	-0.138741	0.988831	-0.217293	-0.101859	0.970777	-0.0544515	0.121914	0.991046	-0.217293	0.152868	0.964062	-0.0544515	0.121914	0.991046	-0.217293	0.152868	0.964062	-3.14486	7.00259	-12.7018	8.79315	-3.14486	7.00259	-12.7018	8.79315	124.54	168.714	89.8102	181.474	694.784	941.222	501.033	1012.41	597.908	976.815	
"
 tid_1904_time_9:59:7:655 DPETW@ "GAZE_LOG_CALI: 781.257	478.17	782.622	483.256	1038.18	448.461	1041.94	452.801	395.837	499.529	397.991	504.914	653.552	470.029	658.254	474.735	
137.76	-12.5462	397.251	-43.0201	-279.478	-9.84645	-19.1362	-40.0233	136.395	-17.6327	393.488	-47.3617	-281.633	-15.2331	-23.8379	-44.7295	32.8976	-2.9667	-606.203	95.0665	-10.272	-607.486	32.9991	-3.00506	-614.002	95.9586	-10.4032	-615.234	32.5098	-4.2091	-605.043	93.9533	-11.3285	-606.114	-0.0540501	-0.133004	0.989641	-0.213711	-0.0986109	0.971907	-0.0540501	0.127666	0.990343	-0.213711	0.156297	0.964313	-0.0540501	0.127666	0.990343	-0.213711	0.156297	0.964313	-3.12394	7.33472	-12.4959	8.99205	-3.12394	7.33472	-12.4959	8.99205	124.924	172.204	92.1399	183.667	696.929	960.693	514.03	1024.64	605.479	992.667	
"
 tid_1904_time_9:59:7:678 DPETW@ "GAZE_LOG_CALI: 0	0	0	0	1039.35	449.038	1043.09	453.391	0	0	0	0	654.871	470.479	659.382	475.109	
0	0	1043.09	453.391	0	0	659.382	475.109	0	0	1039.35	449.038	0	0	654.871	470.479	32.8976	-2.9667	-606.203	95.0665	-10.272	-607.486	32.9991	-3.00506	-614.002	95.9586	-10.4032	-615.234	32.5098	-4.2091	-605.043	93.9533	-11.3285	-606.114	-0.0540501	-0.133004	0.989641	-0.213711	-0.0986109	0.971907	-0.0540501	0.127666	0.990343	-0.213711	0.156297	0.964313	-0.0540501	0.127666	0.990343	-0.213711	0.156297	0.964313	-3.12394	7.33472	-12.4959	8.99205	-3.12394	7.33472	-12.4959	8.99205	124.924	172.204	92.1399	183.667	696.929	960.693	514.03	1024.64	605.479	992.667	
"
 tid_1904_time_9:59:7:700 DPETW@ "GAZE_LOG_CALI: 784.16	478.822	785.59	483.965	1040.88	449.531	1044.88	454.045	398.485	500.294	400.933	505.674	656.53	470.884	661.128	475.939	
140.729	-11.837	400.197	-41.7753	-276.534	-9.08621	-16.2615	-38.8194	139.298	-16.9806	396.195	-46.2917	-278.984	-14.468	-20.8604	-43.8741	33.6048	-2.7915	-606.165	95.7559	-9.97781	-607.388	33.7154	-2.82765	-613.964	96.6568	-10.1052	-615.134	33.1818	-4.0382	-604.682	94.6612	-11.1062	-606.508	-0.0569041	-0.129114	0.989996	-0.223949	-0.112343	0.968104	-0.0569041	0.131515	0.98968	-0.223949	0.142048	0.964193	-0.0569041	0.131515	0.98968	-0.223949	0.142048	0.964193	-3.29074	7.55717	-13.076	8.1664	-3.29074	7.55717	-13.076	8.1664	123.964	174.67	86.7378	175.515	691.568	974.447	483.893	979.164	587.73	976.805	
"
 tid_1904_time_9:59:7:723 DPETW@ "GAZE_LOG_CALI: 785.421	479.145	786.872	484.217	0	0	0	0	399.649	500.632	402.096	506.034	0	0	0	0	
786.872	484.217	0	0	402.096	506.034	0	0	785.421	479.145	0	0	399.649	500.632	0	0	33.6048	-2.7915	-606.165	95.7559	-9.97781	-607.388	33.7154	-2.82765	-613.964	96.6568	-10.1052	-615.134	33.1818	-4.0382	-604.682	94.6612	-11.1062	-606.508	-0.0569041	-0.129114	0.989996	-0.223949	-0.112343	0.968104	-0.0569041	0.131515	0.98968	-0.223949	0.142048	0.964193	-0.0569041	0.131515	0.98968	-0.223949	0.142048	0.964193	-3.29074	7.55717	-13.076	8.1664	-3.29074	7.55717	-13.076	8.1664	123.964	174.67	86.7378	175.515	691.568	974.447	483.893	979.164	587.73	976.805	
"
 tid_1904_time_9:59:7:746 DPETW@ "GAZE_LOG_CALI: 785.871	479.088	787.369	484.313	1042.71	450.161	1046.77	454.634	400.135	500.629	402.583	506.127	658.26	471.523	662.767	476.552	
142.508	-11.4892	402.085	-41.1868	-274.882	-8.63284	-14.6227	-38.2057	141.01	-16.7142	398.024	-45.6612	-277.332	-14.1325	-19.1302	-43.2352	34.0194	-2.69531	-605.984	96.1505	-9.82841	-607.027	34.1353	-2.7303	-613.784	97.0569	-9.95396	-614.773	33.5847	-3.96623	-604.599	95.0758	-10.9523	-606.364	-0.0593136	-0.133136	0.989321	-0.227787	-0.114786	0.966922	-0.0593136	0.127456	0.990069	-0.227787	0.139383	0.963683	-0.0593136	0.127456	0.990069	-0.227787	0.139383	0.963683	-3.42841	7.32262	-13.299	8.01213	-3.42841	7.32262	-13.299	8.01213	123.008	172.407	84.8571	174.168	686.238	961.826	473.401	971.651	579.819	966.738	
"
 tid_1904_time_9:59:7:769 DPETW@ "GAZE_LOG_CALI: 785.771	478.753	787.201	484.021	1042.62	449.858	1046.65	454.157	400.175	500.275	402.5	505.756	658.185	471.119	662.669	475.869	
142.34	-11.7811	401.967	-41.6632	-274.966	-9.00456	-14.721	-38.8894	140.909	-17.0493	397.934	-45.9647	-277.293	-14.4866	-19.205	-43.6394	33.986	-2.77507	-606.108	96.1262	-9.96749	-607.049	34.1015	-2.81103	-613.907	97.0323	-10.0946	-614.795	33.572	-4.04963	-604.798	95.058	-11.0373	-606.389	-0.0574955	-0.134514	0.989242	-0.227294	-0.108521	0.967761	-0.0574955	0.126105	0.990349	-0.227294	0.145651	0.962872	-0.0574955	0.126105	0.990349	-0.227294	0.145651	0.962872	-3.32262	7.24455	-13.282	8.375	-3.32262	7.24455	-13.282	8.375	124.032	171.506	85.0152	177.825	691.95	956.795	474.283	992.052	583.116	974.424	
"
 tid_1904_time_9:59:7:791 DPETW@ "GAZE_LOG_CALI: 0	0	0	0	1042.51	449.418	1046.35	453.881	0	0	0	0	657.94	470.742	662.449	475.718	
0	0	1046.35	453.881	0	0	662.449	475.718	0	0	1042.51	449.418	0	0	657.94	470.742	33.986	-2.77507	-606.108	96.1262	-9.96749	-607.049	34.1015	-2.81103	-613.907	97.0323	-10.0946	-614.795	33.572	-4.04963	-604.798	95.058	-11.0373	-606.389	-0.0574955	-0.134514	0.989242	-0.227294	-0.108521	0.967761	-0.0574955	0.126105	0.990349	-0.227294	0.145651	0.962872	-0.0574955	0.126105	0.990349	-0.227294	0.145651	0.962872	-3.32262	7.24455	-13.282	8.375	-3.32262	7.24455	-13.282	8.375	124.032	171.506	85.0152	177.825	691.95	956.795	474.283	992.052	583.116	974.424	
"
 tid_1904_time_9:59:7:813 DPETW@ "GAZE_LOG_CALI: 785.385	478.373	786.81	483.521	1042.24	449.171	1046.11	453.687	399.901	499.883	402.197	505.234	657.777	470.558	662.333	475.638	
141.949	-12.2812	401.432	-42.1337	-275.269	-9.52616	-15.0571	-39.1196	140.524	-17.429	397.551	-46.652	-277.567	-14.8793	-19.6127	-44.1999	33.8997	-2.8976	-606.233	96.044	-10.056	-607.34	34.014	-2.93511	-614.032	96.9486	-10.1844	-615.086	33.489	-4.14271	-604.959	94.9605	-11.1855	-606.35	-0.057272	-0.13172	0.989631	-0.220534	-0.111045	0.969037	-0.057272	0.128904	0.990002	-0.220534	0.143544	0.964759	-0.057272	0.128904	0.990002	-0.220534	0.143544	0.964759	-3.3109	7.40627	-12.876	8.25296	-3.3109	7.40627	-12.876	8.25296	124.057	173.014	89.1525	176.28	692.091	965.21	497.364	983.432	594.728	974.321	
"
 tid_1904_time_9:59:7:835 DPETW@ "GAZE_LOG_CALI: 785.586	478.444	786.999	483.534	1042.49	449.342	1046.36	453.831	399.994	499.866	402.304	505.194	658.052	470.717	662.546	475.799	
142.138	-12.2677	401.681	-41.9895	-275.161	-9.56599	-14.8442	-38.9584	140.724	-17.3578	397.802	-46.481	-277.474	-14.8956	-19.338	-44.0414	33.9384	-2.9002	-606.111	96.0952	-10.0186	-607.286	34.0532	-2.9377	-613.911	97.0005	-10.1466	-615.032	33.5282	-4.13514	-604.806	95.0259	-11.1468	-606.385	-0.0570816	-0.130181	0.989846	-0.22121	-0.112058	0.968767	-0.0570816	0.130445	0.989811	-0.22121	0.142496	0.96476	-0.0570816	0.130445	0.989811	-0.22121	0.142496	0.96476	-3.30054	7.49534	-12.9141	8.19229	-3.30054	7.49534	-12.9141	8.19229	124.207	173.936	88.8127	175.702	692.928	970.354	495.468	980.204	594.198	975.279	
"
 tid_1904_time_9:59:7:858 DPETW@ "GAZE_LOG_CALI: 786.103	478.367	787.461	483.442	0	0	0	0	400.503	499.877	402.835	505.139	0	0	0	0	
787.461	483.442	0	0	402.835	505.139	0	0	786.103	478.367	0	0	400.503	499.877	0	0	33.9384	-2.9002	-606.111	96.0952	-10.0186	-607.286	34.0532	-2.9377	-613.911	97.0005	-10.1466	-615.032	33.5282	-4.13514	-604.806	95.0259	-11.1468	-606.385	-0.0570816	-0.130181	0.989846	-0.22121	-0.112058	0.968767	-0.0570816	0.130445	0.989811	-0.22121	0.142496	0.96476	-0.0570816	0.130445	0.989811	-0.22121	0.142496	0.96476	-3.30054	7.49534	-12.9141	8.19229	-3.30054	7.49534	-12.9141	8.19229	124.207	173.936	88.8127	175.702	692.928	970.354	495.468	980.204	594.198	975.279	
"
 tid_1904_time_9:59:7:881 DPETW@ "GAZE_LOG_CALI: 786.623	478.279	788.063	483.292	1043.42	449.875	1047.56	454.14	400.998	499.753	403.295	505.075	659.143	471.29	663.74	476.1	
143.202	-12.5101	402.878	-41.6807	-274.17	-9.6857	-13.6504	-38.6576	141.762	-17.5233	398.735	-45.9479	-276.469	-15.0092	-18.2465	-43.4684	34.1865	-2.94308	-606.006	96.381	-9.94581	-607.282	34.3046	-2.98124	-613.805	97.2899	-10.0728	-615.028	33.7727	-4.16825	-604.762	95.285	-11.019	-606.614	-0.0582119	-0.129916	0.989815	-0.23042	-0.108746	0.966996	-0.0582119	0.130693	0.989712	-0.23042	0.145236	0.962192	-0.0582119	0.130693	0.989712	-0.23042	0.145236	0.962192	-3.36609	7.50966	-13.4672	8.35097	-3.36609	7.50966	-13.4672	8.35097	123.807	174.057	83.2602	177.635	690.692	971.032	464.492	990.991	577.592	981.011	
"
 tid_1904_time_9:59:7:902 DPETW@ "GAZE_LOG_CALI: 786.901	478.131	788.324	483.184	0	0	0	0	401.256	499.616	403.759	504.986	0	0	0	0	
788.324	483.184	0	0	403.759	504.986	0	0	786.901	478.131	0	0	401.256	499.616	0	0	34.1865	-2.94308	-606.006	96.381	-9.94581	-607.282	34.3046	-2.98124	-613.805	97.2899	-10.0728	-615.028	33.7727	-4.16825	-604.762	95.285	-11.019	-606.614	-0.0582119	-0.129916	0.989815	-0.23042	-0.108746	0.966996	-0.0582119	0.130693	0.989712	-0.23042	0.145236	0.962192	-0.0582119	0.130693	0.989712	-0.23042	0.145236	0.962192	-3.36609	7.50966	-13.4672	8.35097	-3.36609	7.50966	-13.4672	8.35097	123.807	174.057	83.2602	177.635	690.692	971.032	464.492	990.991	577.592	981.011	
"
 tid_1904_time_9:59:7:924 DPETW@ "GAZE_LOG_CALI: 786.616	477.69	788.063	482.873	1043.73	449.831	1047.67	454.035	401.201	499.188	403.481	504.504	659.294	471.251	663.796	475.931	
143.202	-12.9288	402.991	-41.7852	-273.984	-10.2569	-13.5935	-38.827	141.755	-18.1119	399.04	-45.9911	-276.265	-15.5743	-18.0957	-43.507	34.2017	-3.06263	-606.275	96.3953	-9.97731	-607.203	34.3199	-3.10219	-614.074	97.3045	-10.1047	-614.949	33.788	-4.30784	-605.06	95.3226	-11.0248	-606.39	-0.058388	-0.132359	0.989481	-0.224365	-0.104158	0.968923	-0.058388	0.128248	0.990022	-0.224365	0.150167	0.962866	-0.058388	0.128248	0.990022	-0.224365	0.150167	0.962866	-3.37519	7.36834	-13.1169	8.63661	-3.37519	7.36834	-13.1169	8.63661	123.717	172.459	86.9958	180.487	690.191	962.115	485.332	1006.9	587.762	984.507	
"
 tid_1904_time_9:59:7:948 DPETW@ "GAZE_LOG_CALI: 785.924	476.917	787.333	482.04	0	0	0	0	400.611	498.314	402.898	503.742	658.801	470.761	663.235	475.027	
787.333	482.04	0	0	402.898	503.742	663.235	475.027	785.924	476.917	0	0	400.611	498.314	658.801	470.761	34.2017	-3.06263	-606.275	96.3953	-9.97731	-607.203	34.3199	-3.10219	-614.074	97.3045	-10.1047	-614.949	33.788	-4.30784	-605.06	95.3226	-11.0248	-606.39	-0.058388	-0.132359	0.989481	-0.224365	-0.104158	0.968923	-0.058388	0.128248	0.990022	-0.224365	0.150167	0.962866	-0.058388	0.128248	0.990022	-0.224365	0.150167	0.962866	-3.37519	7.36834	-13.1169	8.63661	-3.37519	7.36834	-13.1169	8.63661	123.717	172.459	86.9958	180.487	690.191	962.115	485.332	1006.9	587.762	984.507	
"
 tid_1904_time_9:59:7:970 DPETW@ "GAZE_LOG_CALI: 785.35	476.45	786.758	481.526	1042.41	448.634	1046.3	452.928	400.009	497.907	402.171	503.18	658.404	470.326	662.58	474.794	
141.897	-14.276	401.619	-42.8927	-275.295	-11.5812	-14.8097	-39.9641	140.488	-19.3523	397.724	-47.1891	-277.459	-16.8556	-18.9861	-44.4325	33.8892	-3.38146	-606.27	96.1022	-10.2493	-607.422	34.0033	-3.42513	-614.069	97.0074	-10.3801	-615.169	33.4917	-4.60897	-605.161	95.1045	-11.2897	-607.003	-0.0568359	-0.131524	0.989682	-0.225634	-0.107849	0.968224	-0.0568359	0.129106	0.990001	-0.225634	0.146421	0.963146	-0.0568359	0.129106	0.990001	-0.225634	0.146421	0.963146	-3.28574	7.41793	-13.1848	8.41959	-3.28574	7.41793	-13.1848	8.41959	124.305	172.636	85.9496	177.93	693.472	963.104	479.496	992.636	586.484	977.87	
"
 tid_1904_time_9:59:7:992 DPETW@ "GAZE_LOG_CALI: 784.856	476.152	786.31	481.236	0	0	0	0	399.499	497.666	401.767	502.931	0	0	0	0	
786.31	481.236	0	0	401.767	502.931	0	0	784.856	476.152	0	0	399.499	497.666	0	0	33.8892	-3.38146	-606.27	96.1022	-10.2493	-607.422	34.0033	-3.42513	-614.069	97.0074	-10.3801	-615.169	33.4917	-4.60897	-605.161	95.1045	-11.2897	-607.003	-0.0568359	-0.131524	0.989682	-0.225634	-0.107849	0.968224	-0.0568359	0.129106	0.990001	-0.225634	0.146421	0.963146	-0.0568359	0.129106	0.990001	-0.225634	0.146421	0.963146	-3.28574	7.41793	-13.1848	8.41959	-3.28574	7.41793	-13.1848	8.41959	124.305	172.636	85.9496	177.93	693.472	963.104	479.496	992.636	586.484	977.87	
"
 tid_1904_time_9:59:8:14 DPETW@ "GAZE_LOG_CALI: 785.64	476.193	786.578	481.109	1042.79	448.373	1046.11	452.704	400.209	497.634	402.045	502.853	658.732	469.897	662.391	474.778	
141.717	-14.6934	401.43	-43.1174	-275.421	-11.9076	-14.9992	-39.9797	140.779	-19.6096	398.099	-47.4499	-277.259	-17.1285	-18.6584	-44.8611	33.8505	-3.4707	-606.344	96.0568	-10.278	-607.422	33.9641	-3.51559	-614.143	96.9614	-10.4093	-615.169	33.5538	-4.6712	-605.028	95.1838	-11.371	-606.939	-0.044619	-0.125658	0.99107	-0.209781	-0.11348	0.971141	-0.044619	0.135132	0.989822	-0.209781	0.141736	0.967421	-0.044619	0.135132	0.989822	-0.209781	0.141736	0.967421	-2.58102	7.76624	-12.2349	8.14833	-2.58102	7.76624	-12.2349	8.14833	131.343	176.045	95.8937	174.739	732.737	982.119	534.972	974.833	633.855	978.476	
"
 tid_1904_time_9:59:8:36 DPETW@ "GAZE_LOG_CALI: 0	0	0	0	1047.99	447.724	1048.74	452.763	0	0	0	0	663.74	468.608	664.771	475.002	
0	0	1048.74	452.763	0	0	664.771	475.002	0	0	1047.99	447.724	0	0	663.74	468.608	33.8505	-3.4707	-606.344	96.0568	-10.278	-607.422	33.9641	-3.51559	-614.143	96.9614	-10.4093	-615.169	33.5538	-4.6712	-605.028	95.1838	-11.371	-606.939	-0.044619	-0.125658	0.99107	-0.209781	-0.11348	0.971141	-0.044619	0.135132	0.989822	-0.209781	0.141736	0.967421	-0.044619	0.135132	0.989822	-0.209781	0.141736	0.967421	-2.58102	7.76624	-12.2349	8.14833	-2.58102	7.76624	-12.2349	8.14833	131.343	176.045	95.8937	174.739	732.737	982.119	534.972	974.833	633.855	978.476	
"
 tid_1904_time_9:59:8:59 DPETW@ "GAZE_LOG_CALI: 796.078	475.518	791.951	480.444	1051.7	447.649	1050.71	452.726	410.495	496.683	407.238	502.144	667.537	468.299	666.56	475.01	
147.092	-15.3586	406.036	-43.0955	-270.224	-12.6173	-10.8302	-39.7475	151.22	-20.2845	407.023	-48.1746	-266.964	-18.079	-9.8533	-46.4594	35.1195	-3.6342	-606.083	97.0579	-10.2377	-606.793	35.2495	-3.68117	-613.882	97.9761	-10.3688	-614.537	36.0297	-4.86496	-604.829	97.2895	-11.6467	-606.76	0.085141	-0.129178	0.98796	-0.0867936	-0.161532	0.983043	0.085141	0.130926	0.987729	-0.0867936	0.0984025	0.991355	0.085141	0.130926	0.987729	-0.0867936	0.0984025	0.991355	4.92665	7.52311	-5.00352	5.64719	4.92665	7.52311	-5.00352	5.64719	207.974	173.635	171.092	147.792	1160.25	968.673	954.488	824.503	1057.37	896.588	
"
 tid_1904_time_9:59:8:81 DPETW@ "GAZE_LOG_CALI: 0	0	0	0	1051.83	447.603	1050.77	452.774	0	0	0	0	667.451	468.543	666.627	474.978	
0	0	1050.77	452.774	0	0	666.627	474.978	0	0	1051.83	447.603	0	0	667.451	468.543	35.1195	-3.6342	-606.083	97.0579	-10.2377	-606.793	35.2495	-3.68117	-613.882	97.9761	-10.3688	-614.537	36.0297	-4.86496	-604.829	97.2895	-11.6467	-606.76	0.085141	-0.129178	0.98796	-0.0867936	-0.161532	0.983043	0.085141	0.130926	0.987729	-0.0867936	0.0984025	0.991355	0.085141	0.130926	0.987729	-0.0867936	0.0984025	0.991355	4.92665	7.52311	-5.00352	5.64719	4.92665	7.52311	-5.00352	5.64719	207.974	173.635	171.092	147.792	1160.25	968.673	954.488	824.503	1057.37	896.588	
"
 tid_1904_time_9:59:8:103 DPETW@ "GAZE_LOG_CALI: 795.495	474.917	791.246	479.895	1051.32	446.946	1050.48	452.169	409.726	496.039	406.774	501.479	666.839	467.951	666.255	474.236	
146.386	-15.9077	405.8	-43.6532	-270.689	-13.2824	-11.1353	-40.5221	150.636	-20.886	406.641	-48.8781	-267.734	-18.7231	-10.5508	-46.8071	34.971	-3.78126	-606.435	96.9851	-10.3951	-606.689	35.099	-3.83001	-614.233	97.9025	-10.5281	-614.434	35.8747	-5.01102	-604.557	97.1248	-11.7634	-606.305	0.0793239	-0.120766	0.989507	-0.0941648	-0.149577	0.984256	0.0793239	0.139453	0.987046	-0.0941648	0.110264	0.989432	0.0793239	0.139453	0.987046	-0.0941647	0.110264	0.989432	4.59469	8.01617	-5.4365	6.33056	4.59469	8.01617	-5.4365	6.33056	204.5	178.452	166.667	154.626	1140.86	995.549	929.804	862.629	1035.33	929.089	
"
 tid_1904_time_9:59:8:126 DPETW@ "GAZE_LOG_CALI: 0	0	0	0	1050.8	446.152	1049.87	451.561	0	0	0	0	666.461	467.154	665.798	473.403	
0	0	1049.87	451.561	0	0	665.798	473.403	0	0	1050.8	446.152	0	0	666.461	467.154	34.971	-3.78126	-606.435	96.9851	-10.3951	-606.689	35.099	-3.83001	-614.233	97.9025	-10.5281	-614.434	35.8747	-5.01102	-604.557	97.1248	-11.7634	-606.305	0.0793239	-0.120766	0.989507	-0.0941648	-0.149577	0.984256	0.0793239	0.139453	0.987046	-0.0941648	0.110264	0.989432	0.0793239	0.139453	0.987046	-0.0941647	0.110264	0.989432	4.59469	8.01617	-5.4365	6.33056	4.59469	8.01617	-5.4365	6.33056	204.5	178.452	166.667	154.626	1140.86	995.549	929.804	862.629	1035.33	929.089	
"
 tid_1904_time_9:59:8:149 DPETW@ "GAZE_LOG_CALI: 793.983	473.576	790.039	478.57	1050.18	445.494	1049.06	450.913	408.643	494.854	405.636	500.156	665.952	466.171	665.172	473.061	
145.178	-17.232	404.384	-44.9089	-271.828	-14.6056	-12.2179	-41.6965	149.124	-22.2272	405.499	-50.3311	-268.818	-19.9089	-11.4379	-48.5871	34.688	-4.09801	-606.531	96.7235	-10.6939	-607.172	34.8124	-4.15083	-614.33	97.6369	-10.8306	-614.918	35.5506	-5.31717	-605.171	96.9105	-12.1567	-606.67	0.079701	-0.125923	0.988833	-0.0866339	-0.158149	0.983607	0.079701	0.134297	0.987731	-0.0866339	0.101816	0.991024	0.079701	0.134297	0.987731	-0.0866339	0.101816	0.991024	4.61326	7.71796	-4.99602	5.84373	4.61326	7.71796	-4.99602	5.84373	204.402	175.066	170.807	149.265	1140.32	976.657	952.896	832.717	1046.61	904.687	
"
 tid_1904_time_9:59:8:172 DPETW@ "GAZE_LOG_CALI: 793.858	473.566	789.778	478.543	0	0	0	0	0	0	0	0	665.813	466.292	664.873	473.116	
789.778	478.543	0	0	0	0	664.873	473.116	793.858	473.566	0	0	0	0	665.813	466.292	34.688	-4.09801	-606.531	96.7235	-10.6939	-607.172	34.8124	-4.15083	-614.33	97.6369	-10.8306	-614.918	35.5506	-5.31717	-605.171	96.9105	-12.1567	-606.67	0.079701	-0.125923	0.988833	-0.0866339	-0.158149	0.983607	0.079701	0.134297	0.987731	-0.0866339	0.101816	0.991024	0.079701	0.134297	0.987731	-0.0866339	0.101816	0.991024	4.61326	7.71796	-4.99602	5.84373	4.61326	7.71796	-4.99602	5.84373	204.402	175.066	170.807	149.265	1140.32	976.657	952.896	832.717	1046.61	904.687	
"
 tid_1904_time_9:59:8:194 DPETW@ "GAZE_LOG_CALI: 794.047	473.768	789.97	478.671	1049.94	445.587	1048.92	451.108	409.083	494.881	405.75	500.386	666.212	466.865	665.291	473.182	
145.11	-17.1311	404.243	-44.7145	-271.713	-14.3753	-12.0993	-41.5758	149.188	-22.035	405.259	-50.2378	-268.378	-19.8822	-11.1775	-47.8928	34.6869	-4.06021	-606.795	96.7499	-10.6628	-607.548	34.8112	-4.11261	-614.594	97.663	-10.7989	-615.294	35.5979	-5.29584	-605.714	96.9694	-12.0771	-607.399	0.0874835	-0.131566	0.98744	-0.0864086	-0.159226	0.983453	0.0874835	0.128485	0.987845	-0.0864086	0.100736	0.991154	0.0874835	0.128485	0.987845	-0.0864086	0.100736	0.991154	5.06091	7.38207	-4.98244	5.78156	5.06091	7.38207	-4.98244	5.78156	208.942	171.682	170.937	148.604	1165.64	957.779	953.624	829.031	1059.63	893.405	
"
 tid_1904_time_9:59:8:216 DPETW@ "GAZE_LOG_CALI: 0	0	0	0	1050.5	446.117	1049.53	451.677	0	0	0	0	667.058	467.344	665.842	473.799	
0	0	1049.53	451.677	0	0	665.842	473.799	0	0	1050.5	446.117	0	0	667.058	467.344	34.6869	-4.06021	-606.795	96.7499	-10.6628	-607.548	34.8112	-4.11261	-614.594	97.663	-10.7989	-615.294	35.5979	-5.29584	-605.714	96.9694	-12.0771	-607.399	0.0874835	-0.131566	0.98744	-0.0864086	-0.159226	0.983453	0.0874835	0.128485	0.987845	-0.0864086	0.100736	0.991154	0.0874835	0.128485	0.987845	-0.0864086	0.100736	0.991154	5.06091	7.38207	-4.98244	5.78156	5.06091	7.38207	-4.98244	5.78156	208.942	171.682	170.937	148.604	1165.64	957.779	953.624	829.031	1059.63	893.405	
"
 tid_1904_time_9:59:8:239 DPETW@ "GAZE_LOG_CALI: 795.945	475.045	791.637	479.783	1051.47	446.953	1050.44	452.465	411.143	496.061	407.366	501.44	668.344	468.158	666.987	474.323	
146.777	-16.019	405.765	-43.357	-270.096	-13.3214	-10.4032	-40.435	151.086	-20.7579	406.794	-48.8717	-266.317	-18.7012	-9.04592	-46.5998	35.0813	-3.80114	-606.73	97.1553	-10.3684	-607.806	35.2107	-3.85018	-614.529	98.0732	-10.5006	-615.551	36.0651	-5.00479	-605.95	97.476	-11.7759	-608.266	0.09823	-0.13274	0.986271	-0.0804804	-0.171878	0.981825	0.09823	0.127049	0.98702	-0.0804804	0.0880936	0.992856	0.09823	0.127049	0.98702	-0.0804804	0.0880936	0.992856	5.68346	7.29909	-4.63423	5.05394	5.68346	7.29909	-4.63423	5.05394	215.638	171.179	174.83	141.453	1203	954.975	975.342	789.14	1089.17	872.058	
"
 tid_1904_time_9:59:8:261 DPETW@ "GAZE_LOG_CALI: 0	0	0	0	1052.17	447.4	1050.94	452.988	0	0	0	0	669.174	468.503	667.685	475.069	
0	0	1050.94	452.988	0	0	667.685	475.069	0	0	1052.17	447.4	0	0	669.174	468.503	35.0813	-3.80114	-606.73	97.1553	-10.3684	-607.806	35.2107	-3.85018	-614.529	98.0732	-10.5006	-615.551	36.0651	-5.00479	-605.95	97.476	-11.7759	-608.266	0.09823	-0.13274	0.986271	-0.0804804	-0.171878	0.981825	0.09823	0.127049	0.98702	-0.0804804	0.0880936	0.992856	0.09823	0.127049	0.98702	-0.0804804	0.0880936	0.992856	5.68346	7.29909	-4.63423	5.05394	5.68346	7.29909	-4.63423	5.05394	215.638	171.179	174.83	141.453	1203	954.975	975.342	789.14	1089.17	872.058	
"
 tid_1904_time_9:59:8:283 DPETW@ "GAZE_LOG_CALI: 796.748	475.63	792.344	480.331	1052.13	447.474	1050.94	452.948	412.133	496.674	408.354	502.002	669.303	468.572	667.865	475.078	
147.485	-15.4711	406.257	-42.8734	-269.108	-12.7588	-9.52485	-39.6801	151.889	-20.1725	407.454	-48.3506	-265.326	-18.0885	-8.08686	-46.1862	35.2742	-3.671	-607.138	97.3633	-10.2297	-608.37	35.406	-3.71834	-614.937	98.283	-10.3602	-616.114	36.2732	-4.86412	-606.226	97.7046	-11.6725	-608.706	0.0982233	-0.129781	0.986666	-0.076645	-0.1739	0.981776	0.0982233	0.130009	0.986636	-0.076645	0.0861274	0.993331	0.0982233	0.130009	0.986636	-0.076645	0.0861274	0.993332	5.68528	7.47013	-4.41217	4.94086	5.68528	7.47013	-4.41217	4.94086	215.895	173.01	177.232	140.334	1204.43	965.188	988.744	782.893	1096.59	874.04	
"
 tid_1904_time_9:59:8:305 DPETW@ "GAZE_LOG_CALI: 0	0	0	0	1051.75	447.027	1050.73	452.576	0	0	0	0	669.058	468.174	667.596	474.31	
0	0	1050.73	452.576	0	0	667.596	474.31	0	0	1051.75	447.027	0	0	669.058	468.174	35.2742	-3.671	-607.138	97.3633	-10.2297	-608.37	35.406	-3.71834	-614.937	98.283	-10.3602	-616.114	36.2732	-4.86412	-606.226	97.7046	-11.6725	-608.706	0.0982233	-0.129781	0.986666	-0.076645	-0.1739	0.981776	0.0982233	0.130009	0.986636	-0.076645	0.0861274	0.993331	0.0982233	0.130009	0.986636	-0.076645	0.0861274	0.993332	5.68528	7.47013	-4.41217	4.94086	5.68528	7.47013	-4.41217	4.94086	215.895	173.01	177.232	140.334	1204.43	965.188	988.744	782.893	1096.59	874.04	
"
 tid_1904_time_9:59:8:329 DPETW@ "GAZE_LOG_CALI: 796.147	475.493	791.806	480.063	1051.6	446.919	1050.35	452.271	411.972	496.436	407.951	501.875	668.806	468.053	667.401	474.255	
146.946	-15.7394	405.672	-43.5506	-269.511	-12.8856	-9.98884	-40.5025	151.289	-20.3102	406.919	-48.9057	-265.487	-18.3267	-8.584	-46.705	35.1568	-3.71937	-607.333	97.2513	-10.4124	-608.548	35.287	-3.76743	-615.132	98.1692	-10.5451	-616.292	36.1677	-4.91405	-606.858	97.5854	-11.8023	-608.766	0.104864	-0.136525	0.985071	-0.0762895	-0.164284	0.983459	0.104864	0.123082	0.986841	-0.0762895	0.0958514	0.992468	0.104864	0.123082	0.986841	-0.0762895	0.0958514	0.992468	6.06562	7.07003	-4.3956	5.50033	6.06562	7.07003	-4.3956	5.50033	219.651	168.883	177.276	145.791	1225.39	942.166	988.989	813.338	1107.19	877.752	
"
 tid_1904_time_9:59:8:351 DPETW@ "GAZE_LOG_CALI: 0	0	0	0	1051.15	447.327	1050.26	452.623	0	0	0	0	668.528	468.62	667.466	474.283	
0	0	1050.26	452.623	0	0	667.466	474.283	0	0	1051.15	447.327	0	0	668.528	468.62	35.1568	-3.71937	-607.333	97.2513	-10.4124	-608.548	35.287	-3.76743	-615.132	98.1692	-10.5451	-616.292	36.1677	-4.91405	-606.858	97.5854	-11.8023	-608.766	0.104864	-0.136525	0.985071	-0.0762895	-0.164284	0.983459	0.104864	0.123082	0.986841	-0.0762895	0.0958514	0.992468	0.104864	0.123082	0.986841	-0.0762895	0.0958514	0.992468	6.06562	7.07003	-4.3956	5.50033	6.06562	7.07003	-4.3956	5.50033	219.651	168.883	177.276	145.791	1225.39	942.166	988.989	813.338	1107.19	877.752	
"
 tid_1904_time_9:59:8:373 DPETW@ "GAZE_LOG_CALI: 796.807	476.213	792.532	480.752	1052.14	447.744	1050.92	453.047	412.321	497.083	408.771	502.359	669.175	469.067	668.115	475.027	
147.672	-15.05	406.244	-42.7748	-268.69	-12.4022	-9.27442	-39.7308	151.948	-19.5893	407.463	-48.0799	-265.138	-17.6788	-8.21486	-45.6915	35.3387	-3.57997	-607.468	97.4216	-10.2304	-608.753	35.4712	-3.62607	-615.266	98.3414	-10.3607	-616.497	36.2985	-4.74702	-606.413	97.6753	-11.5771	-608.515	0.0923059	-0.125071	0.987845	-0.0822067	-0.150118	0.985244	0.0923059	0.134863	0.986555	-0.0822067	0.109997	0.990527	0.0923059	0.134863	0.986555	-0.0822067	0.109997	0.990527	5.34525	7.75072	-4.74427	6.31513	5.34525	7.75072	-4.74427	6.31513	212.549	175.895	173.91	154.255	1185.77	981.284	970.211	860.556	1077.99	920.92	
"
 tid_1904_time_9:59:8:396 DPETW@ "GAZE_LOG_CALI: 0	0	0	0	1052.98	448.003	1051.78	453.522	0	0	0	0	670.024	469.463	668.914	475.309	
0	0	1051.78	453.522	0	0	668.914	475.309	0	0	1052.98	448.003	0	0	670.024	469.463	35.3387	-3.57997	-607.468	97.4216	-10.2304	-608.753	35.4712	-3.62607	-615.266	98.3414	-10.3607	-616.497	36.2985	-4.74702	-606.413	97.6753	-11.5771	-608.515	0.0923059	-0.125071	0.987845	-0.0822067	-0.150118	0.985244	0.0923059	0.134863	0.986555	-0.0822067	0.109997	0.990527	0.0923059	0.134863	0.986555	-0.0822067	0.109997	0.990527	5.34525	7.75072	-4.74427	6.31513	5.34525	7.75072	-4.74427	6.31513	212.549	175.895	173.91	154.255	1185.77	981.284	970.211	860.556	1077.99	920.92	
"
 tid_1904_time_9:59:8:419 DPETW@ "GAZE_LOG_CALI: 798.436	476.629	794.284	481.324	1053.94	448.675	1052.83	453.988	414.006	497.595	410.43	502.979	671.036	469.825	669.948	475.456	
149.424	-14.4781	408.158	-41.8331	-267.03	-11.7817	-7.44213	-39.3022	153.578	-19.1741	409.269	-47.1484	-263.451	-17.1671	-6.3543	-44.9328	35.7502	-3.43684	-607.343	97.8623	-10.0645	-608.641	35.888	-3.48115	-615.142	98.7878	-10.1924	-616.385	36.693	-4.63717	-606.493	98.1211	-11.3762	-608.591	0.0918775	-0.13193	0.986992	-0.084261	-0.149626	0.985146	0.0918775	0.128018	0.987507	-0.084261	0.110447	0.990304	0.0918775	0.128018	0.987507	-0.084261	0.110447	0.990304	5.31549	7.35508	-4.86336	6.34106	5.31549	7.35508	-4.86336	6.34106	212.656	171.994	173.159	154.714	1186.37	959.519	966.021	863.121	1076.19	911.32	
"
 tid_1904_time_9:59:8:442 DPETW@ "GAZE_LOG_CALI: 799.005	476.663	794.888	481.393	0	0	0	0	414.492	497.708	410.945	503.045	0	0	0	0	
794.888	481.393	0	0	410.945	503.045	0	0	799.005	476.663	0	0	414.492	497.708	0	0	35.7502	-3.43684	-607.343	97.8623	-10.0645	-608.641	35.888	-3.48115	-615.142	98.7878	-10.1924	-616.385	36.693	-4.63717	-606.493	98.1211	-11.3762	-608.591	0.0918775	-0.13193	0.986992	-0.084261	-0.149626	0.985146	0.0918775	0.128018	0.987507	-0.084261	0.110447	0.990304	0.0918775	0.128018	0.987507	-0.084261	0.110447	0.990304	5.31549	7.35508	-4.86336	6.34106	5.31549	7.35508	-4.86336	6.34106	212.656	171.994	173.159	154.714	1186.37	959.519	966.021	863.121	1076.19	911.32	
"
 tid_1904_time_9:59:8:465 DPETW@ "GAZE_LOG_CALI: 799.032	476.431	794.825	481.177	1054.79	448.781	1053.44	453.866	414.573	497.377	410.863	502.899	671.657	469.613	670.531	475.507	
149.966	-14.6254	408.759	-41.9556	-266.596	-11.8622	-6.85856	-39.251	154.174	-19.3713	410.116	-47.0432	-262.884	-17.3849	-5.73302	-45.145	35.8706	-3.46324	-607.18	98.0021	-10.0727	-608.614	36.01	-3.50795	-614.979	98.9294	-10.2008	-616.357	36.8327	-4.68657	-606.459	98.2705	-11.3828	-608.255	0.0952275	-0.136417	0.986064	-0.0802157	-0.143899	0.986336	0.0952275	0.123444	0.987772	-0.0802157	0.116287	0.989971	0.0952275	0.123444	0.987772	-0.0802157	0.116287	0.989971	5.50666	7.09088	-4.63246	6.67784	5.50666	7.09088	-4.63246	6.67784	214.699	169.306	175.635	158.121	1197.76	944.524	979.831	882.126	1088.8	913.325	
"
 tid_1904_time_9:59:8:487 DPETW@ "GAZE_LOG_CALI: 798.403	476.084	794.26	480.82	48.0952	48.0222	0	0	413.863	497.002	410.221	502.476	671.119	468.963	669.869	475.263	
794.26	480.82	0	0	410.221	502.476	669.869	475.263	798.403	476.084	48.0952	48.0222	413.863	497.002	671.119	468.963	35.8706	-3.46324	-607.18	98.0021	-10.0727	-608.614	36.01	-3.50795	-614.979	98.9294	-10.2008	-616.357	36.8327	-4.68657	-606.459	98.2705	-11.3828	-608.255	0.0952275	-0.136417	0.986064	-0.0802157	-0.143899	0.986336	0.0952275	0.123444	0.987772	-0.0802157	0.116287	0.989971	0.0952275	0.123444	0.987772	-0.0802157	0.116287	0.989971	5.50666	7.09088	-4.63246	6.67784	5.50666	7.09088	-4.63246	6.67784	214.699	169.306	175.635	158.121	1197.76	944.524	979.831	882.126	1088.8	913.325	
"
 tid_1904_time_9:59:8:509 DPETW@ "GAZE_LOG_CALI: 797.847	475.784	793.49	480.505	1053.55	447.732	1052.15	452.811	413.068	496.811	409.559	502.186	670.462	468.541	669.08	474.497	
148.631	-15.2976	407.473	-43.0107	-267.901	-12.5751	-8.31005	-40.2605	152.989	-20.0187	408.871	-48.0926	-264.39	-17.9511	-6.92828	-46.2168	35.5535	-3.62898	-607.225	97.6544	-10.3159	-608.368	35.6889	-3.67578	-615.024	98.5777	-10.4471	-616.112	36.5216	-4.82757	-605.983	97.9833	-11.6381	-608.323	0.0909908	-0.125849	0.987868	-0.075223	-0.150721	0.98571	0.0909908	0.134119	0.986779	-0.075223	0.109536	0.991132	0.0909908	0.134119	0.986779	-0.075223	0.109536	0.991132	5.26834	7.70765	-4.3402	6.28854	5.26834	7.70765	-4.3402	6.28854	211.965	175.424	178.255	153.921	1182.51	978.657	994.447	858.694	1088.48	918.676	
"
 tid_1904_time_9:59:8:531 DPETW@ "GAZE_LOG_CALI: 0	0	0	0	1052.69	447.463	1051.67	452.485	0	0	0	0	669.648	468.305	668.427	474.354	
0	0	1051.67	452.485	0	0	668.427	474.354	0	0	1052.69	447.463	0	0	669.648	468.305	35.5535	-3.62898	-607.225	97.6544	-10.3159	-608.368	35.6889	-3.67578	-615.024	98.5777	-10.4471	-616.112	36.5216	-4.82757	-605.983	97.9833	-11.6381	-608.323	0.0909908	-0.125849	0.987868	-0.075223	-0.150721	0.98571	0.0909908	0.134119	0.986779	-0.075223	0.109536	0.991132	0.0909908	0.134119	0.986779	-0.075223	0.109536	0.991132	5.26834	7.70765	-4.3402	6.28854	5.26834	7.70765	-4.3402	6.28854	211.965	175.424	178.255	153.921	1182.51	978.657	994.447	858.694	1088.48	918.676	
"
 tid_1904_time_9:59:8:554 DPETW@ "GAZE_LOG_CALI: 796.714	475.731	792.463	480.416	1052.43	447.464	1051.4	452.569	411.846	496.782	408.211	502.026	669.163	468.342	667.908	474.298	
147.604	-15.3866	406.721	-43.2522	-269.251	-12.735	-9.48218	-40.4595	151.855	-20.0718	407.751	-48.3606	-265.612	-17.9803	-8.22664	-46.416	35.2807	-3.65575	-606.754	97.3758	-10.358	-607.752	35.4126	-3.70288	-614.552	98.2965	-10.49	-615.496	36.2432	-4.83623	-605.86	97.6734	-11.689	-608.068	0.0943236	-0.12871	0.987186	-0.0825222	-0.158801	0.983856	0.0943236	0.131178	0.986861	-0.0825222	0.101251	0.991432	0.0943236	0.131178	0.986861	-0.0825222	0.101251	0.991432	5.45971	7.53767	-4.75806	5.8112	5.45971	7.53767	-4.75806	5.8112	213.582	173.739	173.809	149.159	1191.53	969.255	969.648	832.129	1080.59	900.692	
"
 tid_1904_time_9:59:8:577 DPETW@ "GAZE_LOG_CALI: 796.642	476.044	792.474	480.848	0	0	0	0	0	0	0	0	669.073	468.654	667.861	474.557	
792.474	480.848	0	0	0	0	667.861	474.557	796.642	476.044	0	0	0	0	669.073	468.654	35.2807	-3.65575	-606.754	97.3758	-10.358	-607.752	35.4126	-3.70288	-614.552	98.2965	-10.49	-615.496	36.2432	-4.83623	-605.86	97.6734	-11.689	-608.068	0.0943236	-0.12871	0.987186	-0.0825222	-0.158801	0.983856	0.0943236	0.131178	0.986861	-0.0825222	0.101251	0.991432	0.0943236	0.131178	0.986861	-0.0825222	0.101251	0.991432	5.45971	7.53767	-4.75806	5.8112	5.45971	7.53767	-4.75806	5.8112	213.582	173.739	173.809	149.159	1191.53	969.255	969.648	832.129	1080.59	900.692	
"
 tid_1904_time_9:59:8:599 DPETW@ "GAZE_LOG_CALI: 796.633	476.346	792.452	481.157	1052.73	448.293	1051.67	453.188	411.242	497.642	407.924	502.854	668.786	469.063	667.83	475.206	
147.592	-14.6456	406.996	-42.6337	-269.537	-11.9065	-9.55994	-39.5524	151.775	-19.4569	408.05	-47.531	-266.217	-17.1201	-8.60408	-45.6953	35.2547	-3.46586	-606.359	97.3596	-10.1668	-607.241	35.3864	-3.51064	-614.158	98.2809	-10.2967	-614.985	36.1788	-4.65428	-605.1	97.5869	-11.4847	-607.083	0.0864713	-0.124801	0.988407	-0.0865272	-0.148113	0.985178	0.0864713	0.13527	0.987028	-0.0865272	0.111916	0.989943	0.0864713	0.13527	0.987028	-0.0865272	0.111916	0.989943	5.00677	7.77423	-4.99531	6.4258	5.00677	7.77423	-4.99531	6.4258	208.947	176.35	171.44	155.697	1165.67	983.822	956.429	868.6	1061.05	926.211	
"
 tid_1904_time_9:59:8:621 DPETW@ "GAZE_LOG_CALI: 796.359	476.382	792.216	481.195	0	0	0	0	410.758	497.59	407.651	502.876	0	0	0	0	
792.216	481.195	0	0	407.651	502.876	0	0	796.359	476.382	0	0	410.758	497.59	0	0	35.2547	-3.46586	-606.359	97.3596	-10.1668	-607.241	35.3864	-3.51064	-614.158	98.2809	-10.2967	-614.985	36.1788	-4.65428	-605.1	97.5869	-11.4847	-607.083	0.0864713	-0.124801	0.988407	-0.0865272	-0.148113	0.985178	0.0864713	0.13527	0.987028	-0.0865272	0.111916	0.989943	0.0864713	0.13527	0.987028	-0.0865272	0.111916	0.989943	5.00677	7.77423	-4.99531	6.4258	5.00677	7.77423	-4.99531	6.4258	208.947	176.35	171.44	155.697	1165.67	983.822	956.429	868.6	1061.05	926.211	
"
 tid_1904_time_9:59:8:643 DPETW@ "GAZE_LOG_CALI: 795.646	476.016	791.556	480.871	1051.79	447.683	1050.86	452.569	409.962	497.163	406.926	502.486	667.417	468.556	666.789	474.282	
146.696	-14.9313	406.182	-43.2525	-270.536	-12.2754	-10.6007	-40.4761	150.787	-19.7863	407.118	-48.1414	-267.498	-17.599	-9.97324	-46.2018	35.032	-3.54302	-606.207	97.1117	-10.3455	-606.908	35.1609	-3.58875	-614.006	98.0304	-10.4775	-614.652	35.9182	-4.74717	-604.679	97.2623	-11.606	-606.451	0.0803166	-0.122858	0.989169	-0.0923869	-0.135726	0.98643	0.0803166	0.137344	0.987262	-0.0923869	0.124206	0.987946	0.0803166	0.137344	0.987262	-0.0923869	0.124206	0.987946	4.65093	7.89416	-5.34243	7.13488	4.65093	7.89416	-5.34243	7.13488	205.116	177.478	167.723	162.823	1144.3	990.115	935.692	908.356	1040	949.235	
"