
 tid_21948_time_16:50:53:164 DPETW@ "GAZE_LOG_CALI: 873.105	242.191	877.887	256.913	1031.8	213.33	1041.32	209.257	308.408	45.2319	312.53	36.4029	47.9458	47.5852	0	0	
877.887	256.913	1041.32	209.257	312.53	36.4029	0	0	873.105	242.191	1031.8	213.33	308.408	45.2319	47.9458	47.5852	48.3958	-66.3498	-414.978	64.3165	-69.3617	-419.073	48.8276	-67.5687	-422.67	65.0329	-70.6309	-426.735	48.176	-63.5493	-404.561	64.4636	-69.08	-427.009	-0.0351057	0.216554	0.975639	-0.339961	0.926162	-0.163249	-0.0351057	0.461689	0.886347	-0.339961	0.852352	-0.397395	-0.0351057	0.461689	0.886347	-0.339961	0.852352	-0.397395	-2.26814	27.4961	-139.454	58.4684	-2.26814	27.4961	-139.454	58.4684	157.33	279.438	509.734	-724.579	877.71	1080	1920	0	1398.85	540	
"
 tid_21948_time_16:50:53:187 DPETW@ "GAZE_LOG_CALI: 48.1683	48.2493	0	0	1032.66	218.093	1041.38	207.363	48.0352	40.3209	0	0	47.5446	47.9493	0	0	
0	0	1041.38	207.363	0	0	0	0	48.1683	48.2493	1032.66	218.093	48.0352	40.3209	47.5446	47.9493	48.3958	-66.3498	-414.978	64.3165	-69.3617	-419.073	48.8276	-67.5687	-422.67	65.0329	-70.6309	-426.735	48.176	-63.5493	-404.561	64.4636	-69.08	-427.009	-0.0351057	0.216554	0.975639	-0.339961	0.926162	-0.163249	-0.0351057	0.461689	0.886347	-0.339961	0.852352	-0.397395	-0.0351057	0.461689	0.886347	-0.339961	0.852352	-0.397395	-2.26814	27.4961	-139.454	58.4684	-2.26814	27.4961	-139.454	58.4684	157.33	279.438	509.734	-724.579	877.71	1080	1920	0	1398.85	540	
"
 tid_21948_time_16:50:53:210 DPETW@ "GAZE_LOG_CALI: 877.148	246.843	880.377	257.408	1033.02	217.792	1029.38	201.338	48.1445	39.0582	0	0	47.601	47.7175	0	0	
880.377	257.408	1029.38	201.338	0	0	0	0	877.148	246.843	1033.02	217.792	48.1445	39.0582	47.601	47.7175	48.3958	-66.3498	-414.978	64.3165	-69.3617	-419.073	48.8276	-67.5687	-422.67	65.0329	-70.6309	-426.735	48.176	-63.5493	-404.561	64.4636	-69.08	-427.009	-0.0351057	0.216554	0.975639	-0.339961	0.926162	-0.163249	-0.0351057	0.461689	0.886347	-0.339961	0.852352	-0.397395	-0.0351057	0.461689	0.886347	-0.339961	0.852352	-0.397395	-2.26814	27.4961	-139.454	58.4684	-2.26814	27.4961	-139.454	58.4684	157.33	279.438	509.734	-724.579	877.71	1080	1920	0	1398.85	540	
"
 tid_21948_time_16:50:53:237 DPETW@ "GAZE_LOG_CALI: 48.1158	48.1183	0	0	0	0	0	0	47.7057	38.5978	0	0	47.5317	47.6741	0	0	
0	0	0	0	0	0	0	0	48.1158	48.1183	0	0	47.7057	38.5978	47.5317	47.6741	48.3958	-66.3498	-414.978	64.3165	-69.3617	-419.073	48.8276	-67.5687	-422.67	65.0329	-70.6309	-426.735	48.176	-63.5493	-404.561	64.4636	-69.08	-427.009	-0.0351057	0.216554	0.975639	-0.339961	0.926162	-0.163249	-0.0351057	0.461689	0.886347	-0.339961	0.852352	-0.397395	-0.0351057	0.461689	0.886347	-0.339961	0.852352	-0.397395	-2.26814	27.4961	-139.454	58.4684	-2.26814	27.4961	-139.454	58.4684	157.33	279.438	509.734	-724.579	877.71	1080	1920	0	1398.85	540	
"
 tid_21948_time_16:50:53:586 DPETW@ "GAZE_LOG_CALI: 836.547	93.456	849.924	87.0504	977.433	67.3685	977.446	71.3976	248.541	114.204	261.759	112.991	381.19	90.5374	375.521	88.6481	
205.163	-408.971	332.771	-424.655	-415.913	-402.039	-302.068	-426.39	191.776	-402.557	332.759	-428.687	-429.139	-400.825	-296.394	-424.498	32.9151	-65.2664	-407.281	52.2496	-67.0144	-398.501	33.0642	-66.5036	-414.98	52.7724	-68.3018	-406.176	30.781	-64.6764	-407.427	52.7091	-67.7914	-402.112	-0.281891	0.225597	0.932547	-0.0154433	0.12458	0.992089	-0.281891	0.459271	0.842382	-0.0154433	0.377107	0.926041	-0.281891	0.459271	0.842382	-0.0154433	0.377107	0.926041	-18.502	27.3401	-0.955416	22.1546	-18.502	27.3401	-0.955416	22.1546	34.0285	287.619	170.087	234.082	189.838	1080	948.883	1080	569.361	1080	
"
 tid_21948_time_16:50:53:678 DPETW@ "GAZE_LOG_CALI: 617.443	25.349	621	7	918.928	59.1988	914.457	57.311	155.097	51.8006	150	53	47.9177	48.4951	0	0	
621	7	914.457	57.311	150	53	0	0	617.443	25.349	918.928	59.1988	155.097	51.8006	47.9177	48.4951	32.9151	-65.2664	-407.281	52.2496	-67.0144	-398.501	33.0642	-66.5036	-414.98	52.7724	-68.3018	-406.176	30.781	-64.6764	-407.427	52.7091	-67.7914	-402.112	-0.281891	0.225597	0.932547	-0.0154433	0.12458	0.992089	-0.281891	0.459271	0.842382	-0.0154433	0.377107	0.926041	-0.281891	0.459271	0.842382	-0.0154433	0.377107	0.926041	-18.502	27.3401	-0.955416	22.1546	-18.502	27.3401	-0.955416	22.1546	34.0285	287.619	170.087	234.082	189.838	1080	948.883	1080	569.361	1080	
"
 tid_21948_time_16:50:54:95 DPETW@ "GAZE_LOG_CALI: 0	0	0	0	849.691	198.91	864	197	42.3551	47.5835	0	0	48.2233	48.2374	0	0	
0	0	864	197	0	0	0	0	0	0	849.691	198.91	42.3551	47.5835	48.2233	48.2374	32.9151	-65.2664	-407.281	52.2496	-67.0144	-398.501	33.0642	-66.5036	-414.98	52.7724	-68.3018	-406.176	30.781	-64.6764	-407.427	52.7091	-67.7914	-402.112	-0.281891	0.225597	0.932547	-0.0154433	0.12458	0.992089	-0.281891	0.459271	0.842382	-0.0154433	0.377107	0.926041	-0.281891	0.459271	0.842382	-0.0154433	0.377107	0.926041	-18.502	27.3401	-0.955416	22.1546	-18.502	27.3401	-0.955416	22.1546	34.0285	287.619	170.087	234.082	189.838	1080	948.883	1080	569.361	1080	
"
 tid_21948_time_16:50:54:138 DPETW@ "GAZE_LOG_CALI: 532.542	217.49	534	204	839.056	201.171	853	199	36.3521	244.203	38.3773	229.481	48.0237	48.3538	0	0	
534	204	853	199	38.3773	229.481	0	0	532.542	217.49	839.056	201.171	36.3521	244.203	48.0237	48.3538	32.9151	-65.2664	-407.281	52.2496	-67.0144	-398.501	33.0642	-66.5036	-414.98	52.7724	-68.3018	-406.176	30.781	-64.6764	-407.427	52.7091	-67.7914	-402.112	-0.281891	0.225597	0.932547	-0.0154433	0.12458	0.992089	-0.281891	0.459271	0.842382	-0.0154433	0.377107	0.926041	-0.281891	0.459271	0.842382	-0.0154433	0.377107	0.926041	-18.502	27.3401	-0.955416	22.1546	-18.502	27.3401	-0.955416	22.1546	34.0285	287.619	170.087	234.082	189.838	1080	948.883	1080	569.361	1080	
"
 tid_21948_time_16:50:54:165 DPETW@ "GAZE_LOG_CALI: 0	0	0	0	830.453	201.592	844	200	30.8899	246.43	36	233	48.1603	48.0387	0	0	
0	0	844	200	36	233	0	0	0	0	830.453	201.592	30.8899	246.43	48.1603	48.0387	32.9151	-65.2664	-407.281	52.2496	-67.0144	-398.501	33.0642	-66.5036	-414.98	52.7724	-68.3018	-406.176	30.781	-64.6764	-407.427	52.7091	-67.7914	-402.112	-0.281891	0.225597	0.932547	-0.0154433	0.12458	0.992089	-0.281891	0.459271	0.842382	-0.0154433	0.377107	0.926041	-0.281891	0.459271	0.842382	-0.0154433	0.377107	0.926041	-18.502	27.3401	-0.955416	22.1546	-18.502	27.3401	-0.955416	22.1546	34.0285	287.619	170.087	234.082	189.838	1080	948.883	1080	569.361	1080	
"
 tid_21948_time_16:50:54:187 DPETW@ "GAZE_LOG_CALI: 513.31	224.915	518	208	0	0	0	0	27.157	242.762	33.8963	236.843	48.198	47.5006	0	0	
518	208	0	0	33.8963	236.843	0	0	513.31	224.915	0	0	27.157	242.762	48.198	47.5006	32.9151	-65.2664	-407.281	52.2496	-67.0144	-398.501	33.0642	-66.5036	-414.98	52.7724	-68.3018	-406.176	30.781	-64.6764	-407.427	52.7091	-67.7914	-402.112	-0.281891	0.225597	0.932547	-0.0154433	0.12458	0.992089	-0.281891	0.459271	0.842382	-0.0154433	0.377107	0.926041	-0.281891	0.459271	0.842382	-0.0154433	0.377107	0.926041	-18.502	27.3401	-0.955416	22.1546	-18.502	27.3401	-0.955416	22.1546	34.0285	287.619	170.087	234.082	189.838	1080	948.883	1080	569.361	1080	
"
 tid_21948_time_16:50:54:210 DPETW@ "GAZE_LOG_CALI: 508.535	226.152	513	209	814.626	203.327	828	201	23.8716	244.533	30.7662	238.188	48.2117	48.0386	0	0	
513	209	828	201	30.7662	238.188	0	0	508.535	226.152	814.626	203.327	23.8716	244.533	48.2117	48.0386	32.9151	-65.2664	-407.281	52.2496	-67.0144	-398.501	33.0642	-66.5036	-414.98	52.7724	-68.3018	-406.176	30.781	-64.6764	-407.427	52.7091	-67.7914	-402.112	-0.281891	0.225597	0.932547	-0.0154433	0.12458	0.992089	-0.281891	0.459271	0.842382	-0.0154433	0.377107	0.926041	-0.281891	0.459271	0.842382	-0.0154433	0.377107	0.926041	-18.502	27.3401	-0.955416	22.1546	-18.502	27.3401	-0.955416	22.1546	34.0285	287.619	170.087	234.082	189.838	1080	948.883	1080	569.361	1080	
"
 tid_21948_time_16:50:54:231 DPETW@ "GAZE_LOG_CALI: 504.622	227.009	509	210	809.712	203.199	823	201	21.3742	247.588	27.7951	239.022	47.7592	48.2807	0	0	
509	210	823	201	27.7951	239.022	0	0	504.622	227.009	809.712	203.199	21.3742	247.588	47.7592	48.2807	32.9151	-65.2664	-407.281	52.2496	-67.0144	-398.501	33.0642	-66.5036	-414.98	52.7724	-68.3018	-406.176	30.781	-64.6764	-407.427	52.7091	-67.7914	-402.112	-0.281891	0.225597	0.932547	-0.0154433	0.12458	0.992089	-0.281891	0.459271	0.842382	-0.0154433	0.377107	0.926041	-0.281891	0.459271	0.842382	-0.0154433	0.377107	0.926041	-18.502	27.3401	-0.955416	22.1546	-18.502	27.3401	-0.955416	22.1546	34.0285	287.619	170.087	234.082	189.838	1080	948.883	1080	569.361	1080	
"
 tid_21948_time_16:50:54:263 DPETW@ "GAZE_LOG_CALI: 503.76	223.133	506	214	805.329	201.465	818	200	18.1698	245.825	24.5	239.312	47.5958	48.4141	0	0	
506	214	818	200	24.5	239.312	0	0	503.76	223.133	805.329	201.465	18.1698	245.825	47.5958	48.4141	32.9151	-65.2664	-407.281	52.2496	-67.0144	-398.501	33.0642	-66.5036	-414.98	52.7724	-68.3018	-406.176	30.781	-64.6764	-407.427	52.7091	-67.7914	-402.112	-0.281891	0.225597	0.932547	-0.0154433	0.12458	0.992089	-0.281891	0.459271	0.842382	-0.0154433	0.377107	0.926041	-0.281891	0.459271	0.842382	-0.0154433	0.377107	0.926041	-18.502	27.3401	-0.955416	22.1546	-18.502	27.3401	-0.955416	22.1546	34.0285	287.619	170.087	234.082	189.838	1080	948.883	1080	569.361	1080	
"
 tid_21948_time_16:50:54:455 DPETW@ "GAZE_LOG_CALI: 0	0	0	0	786.976	186.642	797.626	174.83	10.2376	236.109	16.4834	227.672	47.8891	48.0442	0	0	
0	0	797.626	174.83	16.4834	227.672	0	0	0	0	786.976	186.642	10.2376	236.109	47.8891	48.0442	32.9151	-65.2664	-407.281	52.2496	-67.0144	-398.501	33.0642	-66.5036	-414.98	52.7724	-68.3018	-406.176	30.781	-64.6764	-407.427	52.7091	-67.7914	-402.112	-0.281891	0.225597	0.932547	-0.0154433	0.12458	0.992089	-0.281891	0.459271	0.842382	-0.0154433	0.377107	0.926041	-0.281891	0.459271	0.842382	-0.0154433	0.377107	0.926041	-18.502	27.3401	-0.955416	22.1546	-18.502	27.3401	-0.955416	22.1546	34.0285	287.619	170.087	234.082	189.838	1080	948.883	1080	569.361	1080	
"
 tid_21948_time_16:50:54:477 DPETW@ "GAZE_LOG_CALI: 485.304	214.173	492.46	202.847	786.342	183.785	796.487	171.775	0	0	0	0	293.172	186.575	298.917	192.97	
492.46	202.847	796.487	171.775	0	0	298.917	192.97	485.304	214.173	786.342	183.785	0	0	293.172	186.575	32.9151	-65.2664	-407.281	52.2496	-67.0144	-398.501	33.0642	-66.5036	-414.98	52.7724	-68.3018	-406.176	30.781	-64.6764	-407.427	52.7091	-67.7914	-402.112	-0.281891	0.225597	0.932547	-0.0154433	0.12458	0.992089	-0.281891	0.459271	0.842382	-0.0154433	0.377107	0.926041	-0.281891	0.459271	0.842382	-0.0154433	0.377107	0.926041	-18.502	27.3401	-0.955416	22.1546	-18.502	27.3401	-0.955416	22.1546	34.0285	287.619	170.087	234.082	189.838	1080	948.883	1080	569.361	1080	
"
 tid_21948_time_16:50:54:500 DPETW@ "GAZE_LOG_CALI: 484.76	212.008	491.726	200.718	0	0	0	0	48.5637	233.781	58	239	0	0	0	0	
491.726	200.718	0	0	58	239	0	0	484.76	212.008	0	0	48.5637	233.781	0	0	32.9151	-65.2664	-407.281	52.2496	-67.0144	-398.501	33.0642	-66.5036	-414.98	52.7724	-68.3018	-406.176	30.781	-64.6764	-407.427	52.7091	-67.7914	-402.112	-0.281891	0.225597	0.932547	-0.0154433	0.12458	0.992089	-0.281891	0.459271	0.842382	-0.0154433	0.377107	0.926041	-0.281891	0.459271	0.842382	-0.0154433	0.377107	0.926041	-18.502	27.3401	-0.955416	22.1546	-18.502	27.3401	-0.955416	22.1546	34.0285	287.619	170.087	234.082	189.838	1080	948.883	1080	569.361	1080	
"
 tid_21948_time_16:50:54:522 DPETW@ "GAZE_LOG_CALI: 0	0	0	0	784.636	176.481	795.139	164.476	0	0	0	0	288.976	198.923	299.224	186.394	
0	0	795.139	164.476	0	0	299.224	186.394	0	0	784.636	176.481	0	0	288.976	198.923	32.9151	-65.2664	-407.281	52.2496	-67.0144	-398.501	33.0642	-66.5036	-414.98	52.7724	-68.3018	-406.176	30.781	-64.6764	-407.427	52.7091	-67.7914	-402.112	-0.281891	0.225597	0.932547	-0.0154433	0.12458	0.992089	-0.281891	0.459271	0.842382	-0.0154433	0.377107	0.926041	-0.281891	0.459271	0.842382	-0.0154433	0.377107	0.926041	-18.502	27.3401	-0.955416	22.1546	-18.502	27.3401	-0.955416	22.1546	34.0285	287.619	170.087	234.082	189.838	1080	948.883	1080	569.361	1080	
"
 tid_21948_time_16:50:54:544 DPETW@ "GAZE_LOG_CALI: 485.121	207.551	492.061	196.276	0	0	0	0	50.0853	227.338	60	234	0	0	0	0	
492.061	196.276	0	0	60	234	0	0	485.121	207.551	0	0	50.0853	227.338	0	0	32.9151	-65.2664	-407.281	52.2496	-67.0144	-398.501	33.0642	-66.5036	-414.98	52.7724	-68.3018	-406.176	30.781	-64.6764	-407.427	52.7091	-67.7914	-402.112	-0.281891	0.225597	0.932547	-0.0154433	0.12458	0.992089	-0.281891	0.459271	0.842382	-0.0154433	0.377107	0.926041	-0.281891	0.459271	0.842382	-0.0154433	0.377107	0.926041	-18.502	27.3401	-0.955416	22.1546	-18.502	27.3401	-0.955416	22.1546	34.0285	287.619	170.087	234.082	189.838	1080	948.883	1080	569.361	1080	
"
 tid_21948_time_16:50:54:567 DPETW@ "GAZE_LOG_CALI: 0	0	0	0	785.67	171.206	796.205	159.402	0	0	0	0	291.058	193.524	301.658	181.355	
0	0	796.205	159.402	0	0	301.658	181.355	0	0	785.67	171.206	0	0	291.058	193.524	32.9151	-65.2664	-407.281	52.2496	-67.0144	-398.501	33.0642	-66.5036	-414.98	52.7724	-68.3018	-406.176	30.781	-64.6764	-407.427	52.7091	-67.7914	-402.112	-0.281891	0.225597	0.932547	-0.0154433	0.12458	0.992089	-0.281891	0.459271	0.842382	-0.0154433	0.377107	0.926041	-0.281891	0.459271	0.842382	-0.0154433	0.377107	0.926041	-18.502	27.3401	-0.955416	22.1546	-18.502	27.3401	-0.955416	22.1546	34.0285	287.619	170.087	234.082	189.838	1080	948.883	1080	569.361	1080	
"
 tid_21948_time_16:50:54:589 DPETW@ "GAZE_LOG_CALI: 48.066	48.2827	0	0	48.3674	47.7549	0	0	54.979	224.544	58	232	48.2234	48.1647	0	0	
0	0	0	0	58	232	0	0	48.066	48.2827	48.3674	47.7549	54.979	224.544	48.2234	48.1647	32.9151	-65.2664	-407.281	52.2496	-67.0144	-398.501	33.0642	-66.5036	-414.98	52.7724	-68.3018	-406.176	30.781	-64.6764	-407.427	52.7091	-67.7914	-402.112	-0.281891	0.225597	0.932547	-0.0154433	0.12458	0.992089	-0.281891	0.459271	0.842382	-0.0154433	0.377107	0.926041	-0.281891	0.459271	0.842382	-0.0154433	0.377107	0.926041	-18.502	27.3401	-0.955416	22.1546	-18.502	27.3401	-0.955416	22.1546	34.0285	287.619	170.087	234.082	189.838	1080	948.883	1080	569.361	1080	
"
 tid_21948_time_16:50:54:726 DPETW@ "GAZE_LOG_CALI: 0	0	0	0	821.667	109.673	829.643	106.933	0	0	0	0	333.513	131.033	341.329	128.609	
0	0	829.643	106.933	0	0	341.329	128.609	0	0	821.667	109.673	0	0	333.513	131.033	32.9151	-65.2664	-407.281	52.2496	-67.0144	-398.501	33.0642	-66.5036	-414.98	52.7724	-68.3018	-406.176	30.781	-64.6764	-407.427	52.7091	-67.7914	-402.112	-0.281891	0.225597	0.932547	-0.0154433	0.12458	0.992089	-0.281891	0.459271	0.842382	-0.0154433	0.377107	0.926041	-0.281891	0.459271	0.842382	-0.0154433	0.377107	0.926041	-18.502	27.3401	-0.955416	22.1546	-18.502	27.3401	-0.955416	22.1546	34.0285	287.619	170.087	234.082	189.838	1080	948.883	1080	569.361	1080	
"
 tid_21948_time_16:50:54:751 DPETW@ "GAZE_LOG_CALI: 0	0	0	0	835.328	90.555	839.678	97.6783	0	0	0	0	345.75	120.067	353.786	119.481	
0	0	839.678	97.6783	0	0	353.786	119.481	0	0	835.328	90.555	0	0	345.75	120.067	32.9151	-65.2664	-407.281	52.2496	-67.0144	-398.501	33.0642	-66.5036	-414.98	52.7724	-68.3018	-406.176	30.781	-64.6764	-407.427	52.7091	-67.7914	-402.112	-0.281891	0.225597	0.932547	-0.0154433	0.12458	0.992089	-0.281891	0.459271	0.842382	-0.0154433	0.377107	0.926041	-0.281891	0.459271	0.842382	-0.0154433	0.377107	0.926041	-18.502	27.3401	-0.955416	22.1546	-18.502	27.3401	-0.955416	22.1546	34.0285	287.619	170.087	234.082	189.838	1080	948.883	1080	569.361	1080	
"
 tid_21948_time_16:50:54:773 DPETW@ "GAZE_LOG_CALI: 546.064	113.07	547.559	120.213	0	0	0	0	76.1734	135.404	78.5732	142.616	0	0	0	0	
547.559	120.213	0	0	78.5732	142.616	0	0	546.064	113.07	0	0	76.1734	135.404	0	0	32.9151	-65.2664	-407.281	52.2496	-67.0144	-398.501	33.0642	-66.5036	-414.98	52.7724	-68.3018	-406.176	30.781	-64.6764	-407.427	52.7091	-67.7914	-402.112	-0.281891	0.225597	0.932547	-0.0154433	0.12458	0.992089	-0.281891	0.459271	0.842382	-0.0154433	0.377107	0.926041	-0.281891	0.459271	0.842382	-0.0154433	0.377107	0.926041	-18.502	27.3401	-0.955416	22.1546	-18.502	27.3401	-0.955416	22.1546	34.0285	287.619	170.087	234.082	189.838	1080	948.883	1080	569.361	1080	
"
 tid_21948_time_16:50:54:796 DPETW@ "GAZE_LOG_CALI: 0	0	0	0	859.214	71.7961	863.395	79.0159	0	0	0	0	377.757	93.7499	383.665	100.63	
0	0	863.395	79.0159	0	0	383.665	100.63	0	0	859.214	71.7961	0	0	377.757	93.7499	32.9151	-65.2664	-407.281	52.2496	-67.0144	-398.501	33.0642	-66.5036	-414.98	52.7724	-68.3018	-406.176	30.781	-64.6764	-407.427	52.7091	-67.7914	-402.112	-0.281891	0.225597	0.932547	-0.0154433	0.12458	0.992089	-0.281891	0.459271	0.842382	-0.0154433	0.377107	0.926041	-0.281891	0.459271	0.842382	-0.0154433	0.377107	0.926041	-18.502	27.3401	-0.955416	22.1546	-18.502	27.3401	-0.955416	22.1546	34.0285	287.619	170.087	234.082	189.838	1080	948.883	1080	569.361	1080	
"
 tid_21948_time_16:50:54:818 DPETW@ "GAZE_LOG_CALI: 558.038	104.166	559.57	111.027	0	0	0	0	90.3221	126.403	92.8505	133.484	384.705	90.3064	390.108	97.2529	
559.57	111.027	0	0	92.8505	133.484	390.108	97.2529	558.038	104.166	0	0	90.3221	126.403	384.705	90.3064	32.9151	-65.2664	-407.281	52.2496	-67.0144	-398.501	33.0642	-66.5036	-414.98	52.7724	-68.3018	-406.176	30.781	-64.6764	-407.427	52.7091	-67.7914	-402.112	-0.281891	0.225597	0.932547	-0.0154433	0.12458	0.992089	-0.281891	0.459271	0.842382	-0.0154433	0.377107	0.926041	-0.281891	0.459271	0.842382	-0.0154433	0.377107	0.926041	-18.502	27.3401	-0.955416	22.1546	-18.502	27.3401	-0.955416	22.1546	34.0285	287.619	170.087	234.082	189.838	1080	948.883	1080	569.361	1080	
"
 tid_21948_time_16:50:54:841 DPETW@ "GAZE_LOG_CALI: 0	0	0	0	867.526	66.3349	871.989	73.2396	0	0	0	0	389.365	88.1477	394.983	95.0118	
0	0	871.989	73.2396	0	0	394.983	95.0118	0	0	867.526	66.3349	0	0	389.365	88.1477	32.9151	-65.2664	-407.281	52.2496	-67.0144	-398.501	33.0642	-66.5036	-414.98	52.7724	-68.3018	-406.176	30.781	-64.6764	-407.427	52.7091	-67.7914	-402.112	-0.281891	0.225597	0.932547	-0.0154433	0.12458	0.992089	-0.281891	0.459271	0.842382	-0.0154433	0.377107	0.926041	-0.281891	0.459271	0.842382	-0.0154433	0.377107	0.926041	-18.502	27.3401	-0.955416	22.1546	-18.502	27.3401	-0.955416	22.1546	34.0285	287.619	170.087	234.082	189.838	1080	948.883	1080	569.361	1080	
"
 tid_21948_time_16:50:54:863 DPETW@ "GAZE_LOG_CALI: 566.31	99.3585	567.759	106.358	871.736	64.368	875.977	70.9784	100.525	121.682	102.927	128.667	395.107	86.1793	400.547	92.9385	
-77.1484	-389.622	231.236	-425.063	-574.772	-386.298	-277.021	-422.091	-78.599	-396.629	226.993	-431.678	-577.166	-393.281	-282.466	-428.857	-15.4341	-77.8463	-507.857	45.3073	-83.2578	-497.382	-16.0446	-79.0252	-515.543	45.6204	-84.5447	-505.069	-15.6942	-79.0946	-506.887	44.3706	-84.3685	-496.205	0.0404489	-0.0080007	0.99915	-0.139599	0.0196776	0.990013	0.0404489	0.250871	0.967175	-0.139599	0.275241	0.951186	0.0404489	0.250871	0.967175	-0.139599	0.275241	0.951186	2.39481	14.5291	-8.34931	15.9764	2.39481	14.5291	-8.34931	15.9764	126.426	169.395	103.159	177.206	705.307	945.023	575.501	988.597	640.404	966.81	
"
 tid_21948_time_16:50:54:885 DPETW@ "GAZE_LOG_CALI: 569.592	97.8316	571.001	104.848	874.866	63.2331	879.03	69.7742	104.604	120.011	107.172	127.261	399.136	84.9647	404.867	91.6434	
-73.905	-391.133	234.291	-426.269	-570.529	-387.708	-272.698	-423.386	-75.3158	-398.157	230.125	-432.815	-573.089	-394.956	-278.435	-430.072	-14.8145	-78.295	-508.871	46.0205	-83.711	-498.619	-15.4145	-79.4785	-516.557	46.3437	-85.0015	-506.305	-15.0629	-79.5416	-507.696	45.0622	-84.7477	-497.079	0.039654	-0.00712162	0.999188	-0.137524	0.0272315	0.990124	0.039654	0.25173	0.966985	-0.137524	0.282567	0.949338	0.039654	0.25173	0.966985	-0.137524	0.282567	0.949338	2.34826	14.5799	-8.24268	16.4134	2.34826	14.5799	-8.24268	16.4134	126.718	169.351	104.577	180.473	706.935	944.776	583.414	1006.82	645.174	975.798	
"
 tid_21948_time_16:50:54:906 DPETW@ "GAZE_LOG_CALI: 573.904	96.0659	575.154	102.981	0	0	0	0	109.928	118.306	112.311	125.344	0	0	0	0	
575.154	102.981	0	0	112.311	125.344	0	0	573.904	96.0659	0	0	109.928	118.306	0	0	-14.8145	-78.295	-508.871	46.0205	-83.711	-498.619	-15.4145	-79.4785	-516.557	46.3437	-85.0015	-506.305	-15.0629	-79.5416	-507.696	45.0622	-84.7477	-497.079	0.039654	-0.00712162	0.999188	-0.137524	0.0272315	0.990124	0.039654	0.25173	0.966985	-0.137524	0.282567	0.949338	0.039654	0.25173	0.966985	-0.137524	0.282567	0.949338	2.34826	14.5799	-8.24268	16.4134	2.34826	14.5799	-8.24268	16.4134	126.718	169.351	104.577	180.473	706.935	944.776	583.414	1006.82	645.174	975.798	
"
 tid_21948_time_16:50:54:929 DPETW@ "GAZE_LOG_CALI: 577.487	94.4633	578.796	101.586	881.97	60.5446	886.326	67.0172	114.243	116.788	116.57	123.8	408.945	82.5791	414.32	88.9315	
-66.1069	-394.398	241.592	-429.029	-561.133	-391.176	-263.238	-426.099	-67.4173	-401.528	237.234	-435.507	-563.453	-398.186	-268.619	-432.458	-13.2944	-79.2258	-510.512	47.6567	-84.6087	-500.743	-13.8696	-80.4194	-518.199	48.0035	-85.9071	-508.426	-13.5299	-80.4821	-509.463	46.7016	-85.6997	-499.723	0.038851	-0.00717488	0.999219	-0.147906	0.0235611	0.988721	0.038851	0.251687	0.967029	-0.147906	0.278658	0.948933	0.038851	0.251687	0.967029	-0.147906	0.278658	0.948933	2.30066	14.5773	-8.85917	16.1801	2.30066	14.5773	-8.85917	16.1801	127.934	168.341	101.015	177.79	713.717	939.139	563.541	991.855	638.629	965.497	
"
 tid_21948_time_16:50:54:950 DPETW@ "GAZE_LOG_CALI: 0	0	0	0	885.186	59.294	889.589	65.7854	0	0	0	0	413.458	81.2776	418.495	87.4978	
0	0	889.589	65.7854	0	0	418.495	87.4978	0	0	885.186	59.294	0	0	413.458	81.2776	-13.2944	-79.2258	-510.512	47.6567	-84.6087	-500.743	-13.8696	-80.4194	-518.199	48.0035	-85.9071	-508.426	-13.5299	-80.4821	-509.463	46.7016	-85.6997	-499.723	0.038851	-0.00717488	0.999219	-0.147906	0.0235611	0.988721	0.038851	0.251687	0.967029	-0.147906	0.278658	0.948933	0.038851	0.251687	0.967029	-0.147906	0.278658	0.948933	2.30066	14.5773	-8.85917	16.1801	2.30066	14.5773	-8.85917	16.1801	127.934	168.341	101.015	177.79	713.717	939.139	563.541	991.855	638.629	965.497	
"
 tid_21948_time_16:50:54:971 DPETW@ "GAZE_LOG_CALI: 585.313	90.9178	586.655	97.9597	0	0	0	0	123.833	113.194	126.217	120.287	0	0	0	0	
586.655	97.9597	0	0	126.217	120.287	0	0	585.313	90.9178	0	0	123.833	113.194	0	0	-13.2944	-79.2258	-510.512	47.6567	-84.6087	-500.743	-13.8696	-80.4194	-518.199	48.0035	-85.9071	-508.426	-13.5299	-80.4821	-509.463	46.7016	-85.6997	-499.723	0.038851	-0.00717488	0.999219	-0.147906	0.0235611	0.988721	0.038851	0.251687	0.967029	-0.147906	0.278658	0.948933	0.038851	0.251687	0.967029	-0.147906	0.278658	0.948933	2.30066	14.5773	-8.85917	16.1801	2.30066	14.5773	-8.85917	16.1801	127.934	168.341	101.015	177.79	713.717	939.139	563.541	991.855	638.629	965.497	
"
 tid_21948_time_16:50:54:992 DPETW@ "GAZE_LOG_CALI: 588.557	89.7769	589.802	96.9086	0	0	0	0	127.757	112.032	130.071	119.232	0	0	0	0	
589.802	96.9086	0	0	130.071	119.232	0	0	588.557	89.7769	0	0	127.757	112.032	0	0	-13.2944	-79.2258	-510.512	47.6567	-84.6087	-500.743	-13.8696	-80.4194	-518.199	48.0035	-85.9071	-508.426	-13.5299	-80.4821	-509.463	46.7016	-85.6997	-499.723	0.038851	-0.00717488	0.999219	-0.147906	0.0235611	0.988721	0.038851	0.251687	0.967029	-0.147906	0.278658	0.948933	0.038851	0.251687	0.967029	-0.147906	0.278658	0.948933	2.30066	14.5773	-8.85917	16.1801	2.30066	14.5773	-8.85917	16.1801	127.934	168.341	101.015	177.79	713.717	939.139	563.541	991.855	638.629	965.497	
"
 tid_21948_time_16:50:55:13 DPETW@ "GAZE_LOG_CALI: 591.599	89.3311	592.846	96.2971	894.82	56.9596	899.105	63.3513	131.469	111.562	133.735	118.552	426.617	78.9645	431.36	85.1022	
-52.0507	-399.691	254.38	-432.7	-543.972	-396.437	-246.186	-429.928	-53.2987	-406.665	250.093	-439.096	-546.233	-403.425	-250.933	-436.073	-10.5337	-80.7944	-513.723	50.6054	-86.0754	-504.996	-11.0642	-82.0041	-521.41	50.9939	-87.3844	-512.676	-10.7637	-82.0369	-512.659	49.7055	-87.2409	-504.523	0.0343173	-0.00374275	0.999404	-0.15607	0.0173887	0.987593	0.0343173	0.25505	0.966319	-0.15607	0.272404	0.949441	0.0343173	0.25505	0.966319	-0.15607	0.272404	0.949441	2.03392	14.7765	-9.33485	15.8074	2.03392	14.7765	-9.33485	15.8074	128.683	168.384	99.5556	173.291	717.897	939.38	555.401	966.759	636.649	953.069	
"
 tid_21948_time_16:50:55:34 DPETW@ "GAZE_LOG_CALI: 594.771	89.2375	595.932	96.1483	897.698	57.1047	901.949	63.4707	135.37	111.471	137.549	118.423	430.455	79.1329	435.217	85.0791	
-48.9633	-399.84	257.226	-432.581	-540.159	-396.568	-242.326	-429.95	-50.1252	-406.758	252.973	-438.952	-542.333	-403.519	-247.093	-435.903	-9.92294	-80.9415	-514.476	51.2753	-86.2407	-506.02	-10.4436	-82.1517	-522.164	51.6732	-87.5494	-513.699	-10.1376	-82.1771	-513.413	50.3742	-87.3767	-505.487	0.0349459	-0.00290249	0.999385	-0.156202	0.0207676	0.987507	0.0349459	0.255856	0.966083	-0.156202	0.275645	0.948483	0.0349459	0.255856	0.966083	-0.156202	0.275645	0.948483	2.07165	14.8243	-9.35188	16.0005	2.07165	14.8243	-9.35188	16.0005	129.635	168.646	99.9403	174.827	723.206	940.845	557.547	975.324	640.376	958.084	
"
 tid_21948_time_16:50:55:55 DPETW@ "GAZE_LOG_CALI: 0	0	0	0	900.446	57.3563	904.864	63.7385	0	0	0	0	434.292	79.4263	439.165	85.3424	
0	0	904.864	63.7385	0	0	439.165	85.3424	0	0	900.446	57.3563	0	0	434.292	79.4263	-9.92294	-80.9415	-514.476	51.2753	-86.2407	-506.02	-10.4436	-82.1517	-522.164	51.6732	-87.5494	-513.699	-10.1376	-82.1771	-513.413	50.3742	-87.3767	-505.487	0.0349459	-0.00290249	0.999385	-0.156202	0.0207676	0.987507	0.0349459	0.255856	0.966083	-0.156202	0.275645	0.948483	0.0349459	0.255856	0.966083	-0.156202	0.275645	0.948483	2.07165	14.8243	-9.35188	16.0005	2.07165	14.8243	-9.35188	16.0005	129.635	168.646	99.9403	174.827	723.206	940.845	557.547	975.324	640.376	958.084	
"
 tid_21948_time_16:50:55:76 DPETW@ "GAZE_LOG_CALI: 601.938	89.0645	603.022	96.0017	0	0	0	0	144.292	111.191	146.474	118.27	0	0	0	0	
603.022	96.0017	0	0	146.474	118.27	0	0	601.938	89.0645	0	0	144.292	111.191	0	0	-9.92294	-80.9415	-514.476	51.2753	-86.2407	-506.02	-10.4436	-82.1517	-522.164	51.6732	-87.5494	-513.699	-10.1376	-82.1771	-513.413	50.3742	-87.3767	-505.487	0.0349459	-0.00290249	0.999385	-0.156202	0.0207676	0.987507	0.0349459	0.255856	0.966083	-0.156202	0.275645	0.948483	0.0349459	0.255856	0.966083	-0.156202	0.275645	0.948483	2.07165	14.8243	-9.35188	16.0005	2.07165	14.8243	-9.35188	16.0005	129.635	168.646	99.9403	174.827	723.206	940.845	557.547	975.324	640.376	958.084	
"
 tid_21948_time_16:50:55:97 DPETW@ "GAZE_LOG_CALI: 606.664	89.3383	607.031	96.0345	908.128	58.1631	911.827	64.5033	149.649	111.434	151.209	118.282	443.79	80.3485	448.099	86.2892	
-37.8584	-399.953	267.111	-431.549	-526.501	-396.717	-229.434	-428.736	-38.2268	-406.657	263.41	-437.894	-528.057	-403.566	-233.748	-434.684	-7.71255	-81.3924	-517.161	53.5674	-86.538	-509.078	-8.19788	-82.6034	-524.852	53.9972	-87.8432	-516.756	-7.76881	-82.572	-515.905	52.7586	-87.6606	-508.441	0.0479048	0.00349746	0.998846	-0.147302	0.0217179	0.988853	0.0479048	0.261899	0.963906	-0.147302	0.276912	0.949538	0.0479048	0.261899	0.963906	-0.147302	0.276912	0.949538	2.84518	15.1827	-8.81805	16.076	2.84518	15.1827	-8.81805	16.076	138.292	171.381	106.169	175.051	771.505	956.099	592.298	976.575	681.901	966.337	
"
 tid_21948_time_16:50:55:118 DPETW@ "GAZE_LOG_CALI: 614.757	91.6902	612.719	96.8217	914.59	60.4819	916.191	65.6635	158.249	113.358	157.453	118.956	451.135	82.5756	453.346	87.2448	
-32.1677	-399.165	271.478	-430.388	-520.259	-396.046	-224.183	-427.778	-30.1295	-404.302	269.876	-435.574	-519.459	-401.646	-226.397	-432.453	-6.56097	-81.3374	-517.753	54.5405	-86.4794	-509.982	-7.02877	-82.5462	-525.444	54.9842	-87.7813	-517.66	-6.12966	-82.2247	-516.446	54.1506	-87.3614	-509.35	0.0993625	0.035536	0.994416	-0.0996875	0.0502087	0.993751	0.0993625	0.291699	0.951335	-0.0996875	0.3057	0.946895	0.0993625	0.291699	0.951335	-0.0996875	0.3057	0.946895	5.96265	16.9597	-6.00986	17.8003	5.96265	16.9597	-6.00986	17.8003	165.112	187.783	129.907	189.469	921.129	1047.6	724.727	1057.01	822.928	1052.3	
"
 tid_21948_time_16:50:55:139 DPETW@ "GAZE_LOG_CALI: 617.647	91.7395	616.08	96.5259	917.913	61.3782	919.263	66.221	161.888	113.358	161.325	118.794	455.264	83.2065	457.413	87.9617	
-28.8059	-399.461	274.551	-429.831	-516.387	-396.211	-220.113	-427.059	-27.2384	-404.252	273.201	-434.677	-515.82	-401.648	-222.265	-431.82	-5.88134	-81.4695	-518.291	55.2688	-86.5262	-511.013	-6.33863	-82.6792	-525.983	55.7225	-87.8262	-518.691	-5.55033	-82.3466	-517.239	54.9074	-87.3509	-510.182	0.0897239	0.0378648	0.995247	-0.095218	0.0555196	0.993907	0.0897239	0.294163	0.951534	-0.095218	0.31087	0.945671	0.0897239	0.294163	0.951534	-0.095218	0.31087	0.945671	5.38672	17.1074	-5.74964	18.1117	5.38672	17.1074	-5.74964	18.1117	161.097	188.847	132.654	192.184	898.731	1053.54	740.051	1072.16	819.391	1062.85	
"
 tid_21948_time_16:50:55:160 DPETW@ "GAZE_LOG_CALI: 0	0	0	0	920.937	61.6372	922.396	66.0638	0	0	0	0	459.243	83.4433	461.287	87.959	
0	0	922.396	66.0638	0	0	461.287	87.959	0	0	920.937	61.6372	0	0	459.243	83.4433	-5.88134	-81.4695	-518.291	55.2688	-86.5262	-511.013	-6.33863	-82.6792	-525.983	55.7225	-87.8262	-518.691	-5.55033	-82.3466	-517.239	54.9074	-87.3509	-510.182	0.0897239	0.0378648	0.995247	-0.095218	0.0555196	0.993907	0.0897239	0.294163	0.951534	-0.095218	0.31087	0.945671	0.0897239	0.294163	0.951534	-0.095218	0.31087	0.945671	5.38672	17.1074	-5.74964	18.1117	5.38672	17.1074	-5.74964	18.1117	161.097	188.847	132.654	192.184	898.731	1053.54	740.051	1072.16	819.391	1062.85	
"
 tid_21948_time_16:50:55:181 DPETW@ "GAZE_LOG_CALI: 625.055	90.4711	623.108	95.1989	0	0	0	0	170.461	112.278	169.711	117.326	0	0	0	0	
623.108	95.1989	0	0	169.711	117.326	0	0	625.055	90.4711	0	0	170.461	112.278	0	0	-5.88134	-81.4695	-518.291	55.2688	-86.5262	-511.013	-6.33863	-82.6792	-525.983	55.7225	-87.8262	-518.691	-5.55033	-82.3466	-517.239	54.9074	-87.3509	-510.182	0.0897239	0.0378648	0.995247	-0.095218	0.0555196	0.993907	0.0897239	0.294163	0.951534	-0.095218	0.31087	0.945671	0.0897239	0.294163	0.951534	-0.095218	0.31087	0.945671	5.38672	17.1074	-5.74964	18.1117	5.38672	17.1074	-5.74964	18.1117	161.097	188.847	132.654	192.184	898.731	1053.54	740.051	1072.16	819.391	1062.85	
"
 tid_21948_time_16:50:55:202 DPETW@ "GAZE_LOG_CALI: 628.48	90.0839	626.588	94.9154	928.366	61.9336	929.706	66.6787	174.477	111.872	173.708	116.992	468.311	83.9323	470.347	88.2701	
-18.2929	-401.073	285.001	-429.374	-504.002	-398.019	-207.17	-426.748	-16.3998	-405.909	283.661	-434.122	-503.23	-403.141	-209.207	-431.091	-3.74915	-82.1349	-520.285	57.6628	-86.8869	-513.594	-4.17329	-83.3499	-527.979	58.1498	-88.1853	-521.27	-3.35384	-82.9655	-519.094	57.3092	-87.6819	-512.864	0.0917579	0.043042	0.994851	-0.0993275	0.0594958	0.993274	0.0917579	0.299062	0.949812	-0.0993275	0.314547	0.944031	0.0917579	0.299062	0.949812	-0.0993275	0.314547	0.944031	5.51802	17.4013	-6.00636	18.3335	5.51802	17.4013	-6.00636	18.3335	164.516	190.914	132.746	194.024	917.8	1065.07	740.561	1080	829.18	1072.53	
"
 tid_21948_time_16:50:55:223 DPETW@ "GAZE_LOG_CALI: 631.807	90.1252	629.91	94.8938	931.668	62.5809	932.868	67.3136	178.377	111.827	177.559	116.99	472.268	84.5594	474.335	88.9991	
-14.9693	-401.094	288.165	-428.739	-500.15	-398.022	-203.178	-426.017	-13.0712	-405.868	286.964	-433.475	-499.33	-403.187	-205.248	-430.462	-3.07169	-82.228	-520.856	58.4009	-86.8952	-514.458	-3.48542	-83.4431	-528.549	58.8981	-88.1916	-522.134	-2.67625	-83.064	-519.704	58.054	-87.6702	-513.548	0.0910186	0.0426434	0.994936	-0.0976657	0.0603279	0.993389	0.0910186	0.298699	0.949997	-0.0976657	0.31538	0.943926	0.0910186	0.298699	0.949997	-0.0976657	0.31538	0.943926	5.47277	17.3795	-5.90723	18.3838	5.47277	17.3795	-5.90723	18.3838	164.879	190.633	134.216	194.498	919.828	1063.5	748.767	1080	834.298	1071.75	
"
 tid_21948_time_16:50:55:244 DPETW@ "GAZE_LOG_CALI: 0	0	0	0	934.72	63.5864	935.862	68.467	0	0	0	0	475.989	85.5907	478.112	89.9994	
0	0	935.862	68.467	0	0	478.112	89.9994	0	0	934.72	63.5864	0	0	475.989	85.5907	-3.07169	-82.228	-520.856	58.4009	-86.8952	-514.458	-3.48542	-83.4431	-528.549	58.8981	-88.1916	-522.134	-2.67625	-83.064	-519.704	58.054	-87.6702	-513.548	0.0910186	0.0426434	0.994936	-0.0976657	0.0603279	0.993389	0.0910186	0.298699	0.949997	-0.0976657	0.31538	0.943926	0.0910186	0.298699	0.949997	-0.0976657	0.31538	0.943926	5.47277	17.3795	-5.90723	18.3838	5.47277	17.3795	-5.90723	18.3838	164.879	190.633	134.216	194.498	919.828	1063.5	748.767	1080	834.298	1071.75	
"
 tid_21948_time_16:50:55:265 DPETW@ "GAZE_LOG_CALI: 638.863	91.1267	636.924	95.8994	0	0	0	0	186.378	112.99	185.591	117.973	0	0	0	0	
636.924	95.8994	0	0	185.591	117.973	0	0	638.863	91.1267	0	0	186.378	112.99	0	0	-3.07169	-82.228	-520.856	58.4009	-86.8952	-514.458	-3.48542	-83.4431	-528.549	58.8981	-88.1916	-522.134	-2.67625	-83.064	-519.704	58.054	-87.6702	-513.548	0.0910186	0.0426434	0.994936	-0.0976657	0.0603279	0.993389	0.0910186	0.298699	0.949997	-0.0976657	0.31538	0.943926	0.0910186	0.298699	0.949997	-0.0976657	0.31538	0.943926	5.47277	17.3795	-5.90723	18.3838	5.47277	17.3795	-5.90723	18.3838	164.879	190.633	134.216	194.498	919.828	1063.5	748.767	1080	834.298	1071.75	
"
 tid_21948_time_16:50:55:287 DPETW@ "GAZE_LOG_CALI: 642.025	91.5113	640.138	96.3472	941.429	66.2886	942.692	71.2013	189.981	113.369	189.227	118.482	484.075	88.4494	486.368	92.8645	
-4.73615	-399.639	297.995	-424.849	-488.481	-396.533	-191.135	-422.145	-2.84869	-404.48	296.732	-429.766	-487.725	-401.649	-193.431	-426.565	-0.974472	-82.1701	-522.399	60.6665	-86.5002	-516.791	-1.35628	-83.3811	-530.095	61.195	-87.7849	-524.466	-0.584663	-83.0012	-521.182	60.2809	-87.2654	-515.696	0.0861709	0.0424331	0.995376	-0.103492	0.0588104	0.99289	0.0861709	0.29861	0.950477	-0.103492	0.313785	0.943837	0.0861709	0.29861	0.950477	-0.103492	0.313785	0.943837	5.18032	17.3741	-6.25751	18.2875	5.18032	17.3741	-6.25751	18.2875	164.721	190.648	133.39	194.303	918.947	1063.59	744.156	1080	831.552	1071.79	
"
 tid_21948_time_16:50:55:308 DPETW@ "GAZE_LOG_CALI: 645.378	91.662	643.584	96.5368	944.787	67.2986	945.931	72.195	193.732	113.695	193.07	118.642	487.962	89.3931	490.297	93.7857	
-1.28911	-399.45	301.236	-423.855	-484.637	-396.375	-187.204	-421.221	0.506403	-404.329	300.091	-428.755	-483.973	-401.324	-189.542	-425.619	-0.265823	-82.2031	-522.835	61.4132	-86.4272	-517.52	-0.636932	-83.4137	-530.531	61.952	-87.7089	-525.195	0.104004	-83.0209	-521.61	61.0295	-87.1612	-516.253	0.0826916	0.0438381	0.995611	-0.10243	0.0608155	0.992879	0.0826916	0.300027	0.95034	-0.10243	0.315719	0.943308	0.0826916	0.300027	0.95034	-0.10243	0.315719	0.943308	4.97293	17.4592	-6.19725	18.4042	4.97293	17.4592	-6.19725	18.4042	163.754	191.36	134.564	195.471	913.549	1067.56	750.706	1080	832.128	1073.78	
"
 tid_21948_time_16:50:55:329 DPETW@ "GAZE_LOG_CALI: 0	0	0	0	950.52	72.0564	950.013	74.5329	0	0	0	0	494.107	93.7801	495.008	96.1396	
0	0	950.013	74.5329	0	0	495.008	96.1396	0	0	950.52	72.0564	0	0	494.107	93.7801	-0.265823	-82.2031	-522.835	61.4132	-86.4272	-517.52	-0.636932	-83.4137	-530.531	61.952	-87.7089	-525.195	0.104004	-83.0209	-521.61	61.0295	-87.1612	-516.253	0.0826916	0.0438381	0.995611	-0.10243	0.0608155	0.992879	0.0826916	0.300027	0.95034	-0.10243	0.315719	0.943308	0.0826916	0.300027	0.95034	-0.10243	0.315719	0.943308	4.97293	17.4592	-6.19725	18.4042	4.97293	17.4592	-6.19725	18.4042	163.754	191.36	134.564	195.471	913.549	1067.56	750.706	1080	832.128	1073.78	
"
 tid_21948_time_16:50:55:350 DPETW@ "GAZE_LOG_CALI: 658.352	95.3946	654.645	97.8555	0	0	0	0	207.65	117.546	204.846	119.873	0	0	0	0	
654.645	97.8555	0	0	204.846	119.873	0	0	658.352	95.3946	0	0	207.65	117.546	0	0	-0.265823	-82.2031	-522.835	61.4132	-86.4272	-517.52	-0.636932	-83.4137	-530.531	61.952	-87.7089	-525.195	0.104004	-83.0209	-521.61	61.0295	-87.1612	-516.253	0.0826916	0.0438381	0.995611	-0.10243	0.0608155	0.992879	0.0826916	0.300027	0.95034	-0.10243	0.315719	0.943308	0.0826916	0.300027	0.95034	-0.10243	0.315719	0.943308	4.97293	17.4592	-6.19725	18.4042	4.97293	17.4592	-6.19725	18.4042	163.754	191.36	134.564	195.471	913.549	1067.56	750.706	1080	832.128	1073.78	
"
 tid_21948_time_16:50:55:372 DPETW@ "GAZE_LOG_CALI: 661.414	95.4078	657.583	97.4771	959.583	74.2068	958.39	75.9994	211.009	117.68	207.938	119.513	504.741	95.9456	504.42	97.4763	
12.7165	-398.508	313.703	-420.049	-469.763	-395.507	-173.071	-417.523	16.5495	-400.58	314.897	-421.843	-466.692	-397.342	-172.749	-419.056	2.62396	-82.1665	-523.777	64.1743	-85.9573	-519.293	2.29579	-83.3747	-531.476	64.7519	-87.2274	-526.967	3.40936	-82.44	-522.952	64.3031	-86.1434	-518.365	0.128777	0.10809	0.985765	-0.0516975	0.12485	0.990828	0.128777	0.359542	0.9242	-0.0516975	0.377041	0.924753	0.128777	0.359542	0.9242	-0.0516975	0.377041	0.924753	7.93245	21.0721	-3.19974	22.1505	7.93245	21.0721	-3.19974	22.1505	191.549	226.173	161.834	230.288	1068.62	1080	902.839	1080	985.727	1080	
"
 tid_21948_time_16:50:55:393 DPETW@ "GAZE_LOG_CALI: 664.633	95.0024	660.854	96.9792	962.953	74.8541	961.707	76.7816	214.178	117.213	211.328	119.13	508.467	96.5529	508.271	98.3247	
15.9898	-399.007	317.022	-419.267	-466.372	-395.892	-169.216	-416.673	19.77	-400.986	318.269	-421.196	-463.521	-397.809	-169.021	-418.447	3.30016	-82.2781	-523.905	64.9246	-85.8849	-519.863	2.98197	-83.4877	-531.604	65.5126	-87.1525	-527.537	4.0724	-82.5222	-522.9	65.0394	-86.0789	-518.746	0.123566	0.109416	0.986286	-0.0533635	0.121058	0.99121	0.123566	0.360957	0.92436	-0.0533635	0.373477	0.926103	0.123566	0.360957	0.92436	-0.0533635	0.373477	0.926103	7.61404	21.159	-3.29783	21.9302	7.61404	21.159	-3.29783	21.9302	189.567	226.761	161.758	228.363	1057.56	1080	902.413	1080	979.985	1080	
"
 tid_21948_time_16:50:55:415 DPETW@ "GAZE_LOG_CALI: 0	0	0	0	966.266	75.4825	965.01	77.5946	0	0	0	0	512.182	97.4169	512.098	99.231	
0	0	965.01	77.5946	0	0	512.098	99.231	0	0	966.266	75.4825	0	0	512.182	97.4169	3.30016	-82.2781	-523.905	64.9246	-85.8849	-519.863	2.98197	-83.4877	-531.604	65.5126	-87.1525	-527.537	4.0724	-82.5222	-522.9	65.0394	-86.0789	-518.746	0.123566	0.109416	0.986286	-0.0533635	0.121058	0.99121	0.123566	0.360957	0.92436	-0.0533635	0.373477	0.926103	0.123566	0.360957	0.92436	-0.0533635	0.373477	0.926103	7.61404	21.159	-3.29783	21.9302	7.61404	21.159	-3.29783	21.9302	189.567	226.761	161.758	228.363	1057.56	1080	902.413	1080	979.985	1080	
"
 tid_21948_time_16:50:55:436 DPETW@ "GAZE_LOG_CALI: 671.993	94.5202	667.995	96.7156	48.1156	48.3623	0	0	221.906	116.893	218.937	118.698	0	0	0	0	
667.995	96.7156	0	0	218.937	118.698	0	0	671.993	94.5202	48.1156	48.3623	221.906	116.893	0	0	3.30016	-82.2781	-523.905	64.9246	-85.8849	-519.863	2.98197	-83.4877	-531.604	65.5126	-87.1525	-527.537	4.0724	-82.5222	-522.9	65.0394	-86.0789	-518.746	0.123566	0.109416	0.986286	-0.0533635	0.121058	0.99121	0.123566	0.360957	0.92436	-0.0533635	0.373477	0.926103	0.123566	0.360957	0.92436	-0.0533635	0.373477	0.926103	7.61404	21.159	-3.29783	21.9302	7.61404	21.159	-3.29783	21.9302	189.567	226.761	161.758	228.363	1057.56	1080	902.413	1080	979.985	1080	
"
 tid_21948_time_16:50:55:457 DPETW@ "GAZE_LOG_CALI: 674.88	94.4488	670.888	96.6509	972.96	77.0759	971.825	79.4102	224.999	116.869	222.078	118.665	519.963	99.1821	519.753	101.076	
26.028	-399.336	327.147	-416.637	-455.617	-396.358	-157.726	-413.916	30.0224	-401.54	328.283	-418.973	-452.694	-398.156	-157.516	-415.812	5.37928	-82.4858	-524.695	67.187	-85.5756	-521.331	5.09198	-83.6967	-532.395	67.8065	-86.835	-529.004	6.19164	-82.7146	-523.522	67.2913	-85.8469	-520.341	0.122254	0.109187	0.986475	-0.0589847	0.11312	0.991829	0.122254	0.360785	0.924602	-0.0589847	0.36597	0.928756	0.122254	0.360785	0.924602	-0.0589847	0.36597	0.928756	7.53218	21.1484	-3.63394	21.4673	7.53218	21.1484	-3.63394	21.4673	191.082	226.495	161.196	224.551	1066.01	1080	899.279	1080	982.644	1080	
"
 tid_21948_time_16:50:55:479 DPETW@ "GAZE_LOG_CALI: 677.247	94.6651	673.297	96.7071	975.38	77.9523	974.113	80.2045	227.669	117.007	224.863	118.724	522.732	100.116	522.498	101.956	
28.4379	-399.28	329.436	-415.843	-452.831	-396.299	-154.979	-413.035	32.3905	-401.324	330.704	-418.096	-450.023	-398.018	-154.745	-414.877	5.88253	-82.5378	-525.099	67.721	-85.4849	-521.827	5.6028	-83.7486	-532.8	68.3478	-86.7418	-529.499	6.6843	-82.7304	-523.852	67.8365	-85.7233	-520.716	0.119232	0.112244	0.986501	-0.0577268	0.115002	0.991687	0.119232	0.363745	0.923836	-0.0577268	0.367751	0.928131	0.119232	0.363745	0.923836	-0.0577268	0.367751	0.928131	7.35404	21.3304	-3.55903	21.577	7.35404	21.3304	-3.55903	21.577	190.141	228.162	162.323	225.739	1060.76	1080	905.568	1080	983.165	1080	
"
 tid_21948_time_16:50:55:499 DPETW@ "GAZE_LOG_CALI: 0	0	0	0	977.115	78.5517	976.115	81.0397	0	0	0	0	524.921	100.735	524.701	102.586	
0	0	976.115	81.0397	0	0	524.701	102.586	0	0	977.115	78.5517	0	0	524.921	100.735	5.88253	-82.5378	-525.099	67.721	-85.4849	-521.827	5.6028	-83.7486	-532.8	68.3478	-86.7418	-529.499	6.6843	-82.7304	-523.852	67.8365	-85.7233	-520.716	0.119232	0.112244	0.986501	-0.0577268	0.115002	0.991687	0.119232	0.363745	0.923836	-0.0577268	0.367751	0.928131	0.119232	0.363745	0.923836	-0.0577268	0.367751	0.928131	7.35404	21.3304	-3.55903	21.577	7.35404	21.3304	-3.55903	21.577	190.141	228.162	162.323	225.739	1060.76	1080	905.568	1080	983.165	1080	
"
 tid_21948_time_16:50:55:521 DPETW@ "GAZE_LOG_CALI: 681.754	94.3862	677.992	96.6767	0	0	0	0	232.743	116.755	230.229	118.823	0	0	0	0	
677.992	96.6767	0	0	230.229	118.823	0	0	681.754	94.3862	0	0	232.743	116.755	0	0	5.88253	-82.5378	-525.099	67.721	-85.4849	-521.827	5.6028	-83.7486	-532.8	68.3478	-86.7418	-529.499	6.6843	-82.7304	-523.852	67.8365	-85.7233	-520.716	0.119232	0.112244	0.986501	-0.0577268	0.115002	0.991687	0.119232	0.363745	0.923836	-0.0577268	0.367751	0.928131	0.119232	0.363745	0.923836	-0.0577268	0.367751	0.928131	7.35404	21.3304	-3.55903	21.577	7.35404	21.3304	-3.55903	21.577	190.141	228.162	162.323	225.739	1060.76	1080	905.568	1080	983.165	1080	
"
 tid_21948_time_16:50:55:542 DPETW@ "GAZE_LOG_CALI: 683.8	93.9825	680.045	96.1255	981.679	79.232	980.603	81.9186	234.963	116.32	232.452	118.351	530.128	101.509	529.914	103.28	
35.1892	-399.862	335.93	-414.128	-445.238	-396.674	-147.558	-411.708	38.9467	-402.008	337.007	-416.816	-442.725	-398.706	-147.344	-413.481	7.29162	-82.7821	-526.017	69.189	-85.3358	-522.823	7.03294	-83.9946	-533.718	69.836	-86.5876	-530.495	8.04932	-83.0009	-524.661	69.2861	-85.6436	-521.898	0.110861	0.10838	0.987909	-0.0634575	0.108938	0.992021	0.110861	0.360376	0.926196	-0.0634575	0.36198	0.930024	0.110861	0.360376	0.926196	-0.0634575	0.36198	0.930024	6.82556	21.1233	-3.90337	21.2218	6.82556	21.1233	-3.90337	21.2218	187.223	225.804	160.901	222.719	1044.48	1080	897.636	1080	971.058	1080	
"
 tid_21948_time_16:50:55:563 DPETW@ "GAZE_LOG_CALI: 685.83	93.2218	682.037	95.5339	983.761	79.1751	982.51	81.829	237.077	115.646	234.674	117.663	532.245	101.372	532.157	103.203	
37.1823	-400.454	337.838	-414.217	-443.015	-397.363	-145.314	-411.784	40.9775	-402.769	339.09	-416.873	-440.61	-399.381	-145.226	-413.617	7.70819	-82.9553	-526.271	69.6304	-85.4129	-523.189	7.45572	-84.1696	-533.972	70.2833	-86.6649	-530.861	8.47083	-83.1634	-524.747	69.7197	-85.6705	-521.939	0.108745	0.107794	0.988208	-0.0626675	0.110568	0.991891	0.108745	0.359888	0.926636	-0.0626675	0.363521	0.929476	0.108745	0.359888	0.926636	-0.0626675	0.363521	0.929476	6.6933	21.0933	-3.85719	21.3166	6.6933	21.0933	-3.85719	21.3166	186.556	225.308	161.708	223.57	1040.76	1080	902.138	1080	971.448	1080	
"
 tid_21948_time_16:50:55:584 DPETW@ "GAZE_LOG_CALI: 0	0	0	0	985.656	79.1787	984.245	81.7518	0	0	0	0	534.328	101.331	534.28	103.107	
0	0	984.245	81.7518	0	0	534.28	103.107	0	0	985.656	79.1787	0	0	534.328	101.331	7.70819	-82.9553	-526.271	69.6304	-85.4129	-523.189	7.45572	-84.1696	-533.972	70.2833	-86.6649	-530.861	8.47083	-83.1634	-524.747	69.7197	-85.6705	-521.939	0.108745	0.107794	0.988208	-0.0626675	0.110568	0.991891	0.108745	0.359888	0.926636	-0.0626675	0.363521	0.929476	0.108745	0.359888	0.926636	-0.0626675	0.363521	0.929476	6.6933	21.0933	-3.85719	21.3166	6.6933	21.0933	-3.85719	21.3166	186.556	225.308	161.708	223.57	1040.76	1080	902.138	1080	971.448	1080	
"
 tid_21948_time_16:50:55:605 DPETW@ "GAZE_LOG_CALI: 689.966	92.0732	686.238	94.214	987.907	79.299	986.547	81.785	241.583	114.376	239.1	116.356	0	0	0	0	
686.238	94.214	986.547	81.785	239.1	116.356	0	0	689.966	92.0732	987.907	79.299	241.583	114.376	0	0	7.70819	-82.9553	-526.271	69.6304	-85.4129	-523.189	7.45572	-84.1696	-533.972	70.2833	-86.6649	-530.861	8.47083	-83.1634	-524.747	69.7197	-85.6705	-521.939	0.108745	0.107794	0.988208	-0.0626675	0.110568	0.991891	0.108745	0.359888	0.926636	-0.0626675	0.363521	0.929476	0.108745	0.359888	0.926636	-0.0626675	0.363521	0.929476	6.6933	21.0933	-3.85719	21.3166	6.6933	21.0933	-3.85719	21.3166	186.556	225.308	161.708	223.57	1040.76	1080	902.138	1080	971.448	1080	
"
 tid_21948_time_16:50:55:627 DPETW@ "GAZE_LOG_CALI: 691.787	91.7976	687.985	93.8752	989.774	79.4192	988.202	81.9202	243.531	114.113	241.048	115.98	538.876	101.624	538.76	103.332	
43.1332	-402.115	343.534	-414.126	-436.637	-399.047	-138.707	-411.654	46.937	-404.195	345.107	-416.629	-434.153	-400.916	-138.591	-413.364	8.95003	-83.3766	-526.737	70.938	-85.5524	-524.179	8.7159	-84.596	-534.437	71.6087	-86.8039	-531.849	9.71251	-83.5574	-525.295	71.0475	-85.7296	-522.606	0.107682	0.112221	0.987831	-0.0601978	0.115256	0.99151	0.107682	0.364067	0.925127	-0.0601978	0.36795	0.927895	0.107682	0.364067	0.925127	-0.0601978	0.36795	0.927895	6.63921	21.3502	-3.7119	21.5893	6.63921	21.3502	-3.7119	21.5893	187.4	227.36	164.177	226.113	1045.47	1080	915.908	1080	980.688	1080	
"
 tid_21948_time_16:50:55:649 DPETW@ "GAZE_LOG_CALI: 0	0	0	0	991.777	79.6078	989.896	82.339	0	0	0	0	540.843	102.021	540.75	103.701	
0	0	989.896	82.339	0	0	540.75	103.701	0	0	991.777	79.6078	0	0	540.843	102.021	8.95003	-83.3766	-526.737	70.938	-85.5524	-524.179	8.7159	-84.596	-534.437	71.6087	-86.8039	-531.849	9.71251	-83.5574	-525.295	71.0475	-85.7296	-522.606	0.107682	0.112221	0.987831	-0.0601978	0.115256	0.99151	0.107682	0.364067	0.925127	-0.0601978	0.36795	0.927895	0.107682	0.364067	0.925127	-0.0601978	0.36795	0.927895	6.63921	21.3502	-3.7119	21.5893	6.63921	21.3502	-3.7119	21.5893	187.4	227.36	164.177	226.113	1045.47	1080	915.908	1080	980.688	1080	
"
 tid_21948_time_16:50:55:670 DPETW@ "GAZE_LOG_CALI: 695.679	91.6634	692.041	93.8602	0	0	0	0	247.881	114.05	245.386	115.894	0	0	0	0	
692.041	93.8602	0	0	245.386	115.894	0	0	695.679	91.6634	0	0	247.881	114.05	0	0	8.95003	-83.3766	-526.737	70.938	-85.5524	-524.179	8.7159	-84.596	-534.437	71.6087	-86.8039	-531.849	9.71251	-83.5574	-525.295	71.0475	-85.7296	-522.606	0.107682	0.112221	0.987831	-0.0601978	0.115256	0.99151	0.107682	0.364067	0.925127	-0.0601978	0.36795	0.927895	0.107682	0.364067	0.925127	-0.0601978	0.36795	0.927895	6.63921	21.3502	-3.7119	21.5893	6.63921	21.3502	-3.7119	21.5893	187.4	227.36	164.177	226.113	1045.47	1080	915.908	1080	980.688	1080	
"
 tid_21948_time_16:50:55:691 DPETW@ "GAZE_LOG_CALI: 697.295	91.8934	693.777	94.0438	995.655	80.721	993.612	83.5021	249.535	114.257	247.051	116.182	544.957	103.106	544.759	105.011	
48.9278	-401.947	348.948	-412.544	-430.63	-398.845	-132.704	-409.971	52.4476	-404.1	350.991	-415.327	-428.145	-400.772	-132.506	-411.878	10.1567	-83.3766	-526.975	72.1442	-85.3202	-524.82	9.94026	-84.5955	-534.676	72.8316	-86.5667	-532.489	10.864	-83.6201	-525.84	72.2891	-85.4789	-522.825	0.103352	0.109136	0.988639	-0.0556916	0.111673	0.992183	0.103352	0.361296	0.926706	-0.0556916	0.364664	0.929472	0.103352	0.361296	0.926706	-0.0556916	0.364664	0.929472	6.36367	21.1798	-3.42892	21.3869	6.36367	21.1798	-3.42892	21.3869	186.331	225.646	167.704	224.452	1039.5	1080	935.589	1080	987.545	1080	
"
 tid_21948_time_16:50:55:712 DPETW@ "GAZE_LOG_CALI: 698.758	92.1759	695.211	94.447	997.088	81.3314	994.918	84.0303	251.12	114.601	248.69	116.469	546.448	103.697	546.298	105.505	
50.3629	-401.543	350.253	-412.015	-428.99	-398.558	-131.163	-409.477	53.9113	-403.817	352.425	-414.716	-426.559	-400.428	-131.014	-411.286	10.4591	-83.3412	-527.203	72.4496	-85.2564	-525.077	10.2471	-84.559	-534.905	73.1411	-86.5013	-532.746	11.1699	-83.5767	-525.974	72.5935	-85.3664	-522.893	0.102176	0.108769	0.988802	-0.0551228	0.114252	0.991921	0.102176	0.360984	0.926958	-0.0551228	0.367087	0.928552	0.102176	0.360984	0.926958	-0.0551228	0.367087	0.928552	6.29018	21.1606	-3.39733	21.5361	6.29018	21.1606	-3.39733	21.5361	186.044	225.5	168.26	225.974	1037.9	1080	938.69	1080	988.297	1080	
"
 tid_21948_time_16:50:55:734 DPETW@ "GAZE_LOG_CALI: 0	0	0	0	998.561	81.8482	996.245	84.6166	0	0	0	0	547.887	104.162	547.775	106.161	
0	0	996.245	84.6166	0	0	547.775	106.161	0	0	998.561	81.8482	0	0	547.887	104.162	10.4591	-83.3412	-527.203	72.4496	-85.2564	-525.077	10.2471	-84.559	-534.905	73.1411	-86.5013	-532.746	11.1699	-83.5767	-525.974	72.5935	-85.3664	-522.893	0.102176	0.108769	0.988802	-0.0551228	0.114252	0.991921	0.102176	0.360984	0.926958	-0.0551228	0.367087	0.928552	0.102176	0.360984	0.926958	-0.0551228	0.367087	0.928552	6.29018	21.1606	-3.39733	21.5361	6.29018	21.1606	-3.39733	21.5361	186.044	225.5	168.26	225.974	1037.9	1080	938.69	1080	988.297	1080	
"
 tid_21948_time_16:50:55:755 DPETW@ "GAZE_LOG_CALI: 701.729	92.4145	698.101	94.7769	0	0	0	0	254.415	114.924	251.959	116.825	0	0	0	0	
698.101	94.7769	0	0	251.959	116.825	0	0	701.729	92.4145	0	0	254.415	114.924	0	0	10.4591	-83.3412	-527.203	72.4496	-85.2564	-525.077	10.2471	-84.559	-534.905	73.1411	-86.5013	-532.746	11.1699	-83.5767	-525.974	72.5935	-85.3664	-522.893	0.102176	0.108769	0.988802	-0.0551228	0.114252	0.991921	0.102176	0.360984	0.926958	-0.0551228	0.367087	0.928552	0.102176	0.360984	0.926958	-0.0551228	0.367087	0.928552	6.29018	21.1606	-3.39733	21.5361	6.29018	21.1606	-3.39733	21.5361	186.044	225.5	168.26	225.974	1037.9	1080	938.69	1080	988.297	1080	
"
 tid_21948_time_16:50:55:777 DPETW@ "GAZE_LOG_CALI: 703.059	92.2776	699.404	94.6294	1001.43	82.0037	999.096	84.8503	255.905	114.749	253.381	116.684	551.07	104.315	550.858	106.377	
54.558	-401.361	354.435	-411.195	-424.296	-398.343	-126.601	-408.603	58.2149	-403.716	356.766	-414.043	-421.771	-400.28	-126.389	-410.667	11.3423	-83.387	-527.75	73.3727	-85.149	-525.493	11.1434	-84.6043	-535.452	74.077	-86.3913	-533.161	12.074	-83.6353	-526.503	73.5313	-85.2843	-523.203	0.102828	0.107074	0.988919	-0.0543781	0.110313	0.992408	0.102828	0.359377	0.92751	-0.0543781	0.363409	0.930042	0.102828	0.359377	0.92751	-0.0543781	0.363409	0.930042	6.32622	21.0619	-3.34618	21.3097	6.32622	21.0619	-3.34618	21.3097	187.301	224.579	169.596	223.966	1044.92	1080	946.14	1080	995.529	1080	
"
 tid_21948_time_16:50:55:798 DPETW@ "GAZE_LOG_CALI: 0	0	0	0	1002.59	81.9292	1000.3	84.7936	0	0	0	0	552.392	104.309	552.149	106.303	
0	0	1000.3	84.7936	0	0	552.149	106.303	0	0	1002.59	81.9292	0	0	552.392	104.309	11.3423	-83.387	-527.75	73.3727	-85.149	-525.493	11.1434	-84.6043	-535.452	74.077	-86.3913	-533.161	12.074	-83.6353	-526.503	73.5313	-85.2843	-523.203	0.102828	0.107074	0.988919	-0.0543781	0.110313	0.992408	0.102828	0.359377	0.92751	-0.0543781	0.363409	0.930042	0.102828	0.359377	0.92751	-0.0543781	0.363409	0.930042	6.32622	21.0619	-3.34618	21.3097	6.32622	21.0619	-3.34618	21.3097	187.301	224.579	169.596	223.966	1044.92	1080	946.14	1080	995.529	1080	
"
 tid_21948_time_16:50:55:819 DPETW@ "GAZE_LOG_CALI: 47.7468	47.9306	0	0	1003.73	82.1131	1001.33	84.8224	0	0	0	0	553.594	104.505	553.431	106.392	
0	0	1001.33	84.8224	0	0	553.431	106.392	47.7468	47.9306	1003.73	82.1131	0	0	553.594	104.505	11.3423	-83.387	-527.75	73.3727	-85.149	-525.493	11.1434	-84.6043	-535.452	74.077	-86.3913	-533.161	12.074	-83.6353	-526.503	73.5313	-85.2843	-523.203	0.102828	0.107074	0.988919	-0.0543781	0.110313	0.992408	0.102828	0.359377	0.92751	-0.0543781	0.363409	0.930042	0.102828	0.359377	0.92751	-0.0543781	0.363409	0.930042	6.32622	21.0619	-3.34618	21.3097	6.32622	21.0619	-3.34618	21.3097	187.301	224.579	169.596	223.966	1044.92	1080	946.14	1080	995.529	1080	
"
 tid_21948_time_16:50:55:840 DPETW@ "GAZE_LOG_CALI: 706.824	91.9528	703.188	94.2764	1005.28	82.3612	1002.72	85.1084	260.04	114.44	257.523	116.329	555.086	104.675	554.879	106.676	
58.3435	-401.715	358.058	-410.937	-420.152	-398.699	-122.577	-408.302	61.9811	-404.041	360.617	-413.686	-417.633	-400.589	-122.371	-410.306	12.1385	-83.5238	-528.146	74.1844	-85.1623	-525.93	11.9513	-84.7422	-535.848	74.8998	-86.4037	-533.597	12.865	-83.7668	-526.912	74.3507	-85.2398	-523.381	0.101126	0.107959	0.988999	-0.0533252	0.113029	0.99216	0.101126	0.360252	0.927358	-0.0533252	0.365968	0.929099	0.101126	0.360252	0.927358	-0.0533252	0.365967	0.929099	6.22337	21.1157	-3.28486	21.4671	6.22337	21.1157	-3.28486	21.4671	187.28	224.959	170.904	225.5	1044.8	1080	953.44	1080	999.119	1080	
"
 tid_21948_time_16:50:55:861 DPETW@ "GAZE_LOG_CALI: 707.861	92.2554	704.224	94.5391	1006.35	82.8704	1003.68	85.4601	261.111	114.785	258.717	116.602	556.136	105.049	555.948	107.137	
59.38	-401.452	359.016	-410.585	-418.956	-398.426	-121.508	-407.84	63.0193	-403.738	361.69	-413.176	-416.561	-400.244	-121.32	-409.932	12.3583	-83.4956	-528.32	74.4	-85.098	-526.053	12.1744	-84.7133	-536.022	75.1184	-86.3382	-533.72	13.0815	-83.7053	-526.947	74.5688	-85.1449	-523.357	0.0988676	0.109866	0.989017	-0.0526132	0.114241	0.992059	0.0988676	0.362099	0.926882	-0.0526132	0.367112	0.928688	0.0988676	0.362099	0.926882	-0.0526132	0.367112	0.928688	6.08854	21.2292	-3.24253	21.5376	6.08854	21.2292	-3.24253	21.5376	186.385	226.057	171.467	226.254	1039.81	1080	956.58	1080	998.193	1080	
"
 tid_21948_time_16:50:55:882 DPETW@ "GAZE_LOG_CALI: 708.872	92.7236	705.214	94.958	1007.31	83.3031	1004.64	85.9545	262.281	115.186	259.8	117.012	557.21	105.604	557.046	107.566	
60.37	-401.033	359.983	-410.09	-417.874	-398.015	-120.409	-407.412	64.0302	-403.27	362.654	-412.743	-415.391	-399.842	-120.245	-409.375	12.5664	-83.4266	-528.428	74.6211	-85.0262	-526.2	12.3856	-84.643	-536.131	75.3425	-86.2649	-533.867	13.2958	-83.6432	-527.125	74.7848	-85.0629	-523.479	0.0999474	0.109785	0.988918	-0.0532652	0.11479	0.991961	0.0999474	0.361995	0.926807	-0.0532652	0.367617	0.92845	0.0999473	0.361995	0.926807	-0.0532652	0.367617	0.928451	6.15502	21.2227	-3.28346	21.5687	6.15502	21.2227	-3.28346	21.5687	187.17	226.106	171.341	226.656	1044.19	1080	955.88	1080	1000.03	1080	
"
 tid_21948_time_16:50:55:903 DPETW@ "GAZE_LOG_CALI: 0	0	0	0	1008.34	83.8996	1005.57	86.5847	0	0	0	0	558.316	106.144	558.071	108.187	
0	0	1005.57	86.5847	0	0	558.071	108.187	0	0	1008.34	83.8996	0	0	558.316	106.144	12.5664	-83.4266	-528.428	74.6211	-85.0262	-526.2	12.3856	-84.643	-536.131	75.3425	-86.2649	-533.867	13.2958	-83.6432	-527.125	74.7848	-85.0629	-523.479	0.0999474	0.109785	0.988918	-0.0532652	0.11479	0.991961	0.0999474	0.361995	0.926807	-0.0532652	0.367617	0.92845	0.0999473	0.361995	0.926807	-0.0532652	0.367617	0.928451	6.15502	21.2227	-3.28346	21.5687	6.15502	21.2227	-3.28346	21.5687	187.17	226.106	171.341	226.656	1044.19	1080	955.88	1080	1000.03	1080	
"
 tid_21948_time_16:50:55:924 DPETW@ "GAZE_LOG_CALI: 710.82	93.6985	707.261	95.8701	0	0	0	0	264.522	116.122	262.016	117.927	0	0	0	0	
707.261	95.8701	0	0	262.016	117.927	0	0	710.82	93.6985	0	0	264.522	116.122	0	0	12.5664	-83.4266	-528.428	74.6211	-85.0262	-526.2	12.3856	-84.643	-536.131	75.3425	-86.2649	-533.867	13.2958	-83.6432	-527.125	74.7848	-85.0629	-523.479	0.0999474	0.109785	0.988918	-0.0532652	0.11479	0.991961	0.0999474	0.361995	0.926807	-0.0532652	0.367617	0.92845	0.0999473	0.361995	0.926807	-0.0532652	0.367617	0.928451	6.15502	21.2227	-3.28346	21.5687	6.15502	21.2227	-3.28346	21.5687	187.17	226.106	171.341	226.656	1044.19	1080	955.88	1080	1000.03	1080	
"
 tid_21948_time_16:50:55:946 DPETW@ "GAZE_LOG_CALI: 711.6	93.8942	707.986	95.9868	1010.09	84.7867	1007.27	87.3417	265.392	116.236	262.85	118.091	560.282	106.933	560.021	108.999	
63.1438	-400.003	362.614	-408.702	-414.821	-396.936	-117.432	-405.976	66.7599	-402.098	365.432	-411.259	-412.277	-398.792	-117.171	-408.044	13.1518	-83.2556	-528.734	75.2209	-84.7951	-526.58	12.9795	-84.4689	-536.437	75.9505	-86.0296	-534.247	13.8737	-83.4805	-527.553	75.4043	-84.8251	-523.801	0.0995306	0.110023	0.988933	-0.0518724	0.114397	0.99208	0.0995306	0.362229	0.92676	-0.0518724	0.367268	0.928668	0.0995305	0.362229	0.92676	-0.0518724	0.367268	0.928668	6.12986	21.2372	-3.19704	21.5472	6.12986	21.2372	-3.19704	21.5472	187.589	226.459	172.645	226.732	1046.52	1080	963.149	1080	1004.83	1080	
"
 tid_21948_time_16:50:55:968 DPETW@ "GAZE_LOG_CALI: 0	0	0	0	1010.74	84.7514	1007.94	87.3093	0	0	0	0	561.089	106.895	560.877	108.899	
0	0	1007.94	87.3093	0	0	560.877	108.899	0	0	1010.74	84.7514	0	0	561.089	106.895	13.1518	-83.2556	-528.734	75.2209	-84.7951	-526.58	12.9795	-84.4689	-536.437	75.9505	-86.0296	-534.247	13.8737	-83.4805	-527.553	75.4043	-84.8251	-523.801	0.0995306	0.110023	0.988933	-0.0518724	0.114397	0.99208	0.0995306	0.362229	0.92676	-0.0518724	0.367268	0.928668	0.0995305	0.362229	0.92676	-0.0518724	0.367268	0.928668	6.12986	21.2372	-3.19704	21.5472	6.12986	21.2372	-3.19704	21.5472	187.589	226.459	172.645	226.732	1046.52	1080	963.149	1080	1004.83	1080	
"
 tid_21948_time_16:50:55:989 DPETW@ "GAZE_LOG_CALI: 48.4125	48.3406	0	0	1011.73	84.5572	1008.83	87.1182	48.2801	47.8078	0	0	561.972	106.672	561.739	108.7	
0	0	1008.83	87.1182	0	0	561.739	108.7	48.4125	48.3406	1011.73	84.5572	48.2801	47.8078	561.972	106.672	13.1518	-83.2556	-528.734	75.2209	-84.7951	-526.58	12.9795	-84.4689	-536.437	75.9505	-86.0296	-534.247	13.8737	-83.4805	-527.553	75.4043	-84.8251	-523.801	0.0995306	0.110023	0.988933	-0.0518724	0.114397	0.99208	0.0995306	0.362229	0.92676	-0.0518724	0.367268	0.928668	0.0995305	0.362229	0.92676	-0.0518724	0.367268	0.928668	6.12986	21.2372	-3.19704	21.5472	6.12986	21.2372	-3.19704	21.5472	187.589	226.459	172.645	226.732	1046.52	1080	963.149	1080	1004.83	1080	
"